800.400000 0.000000 0.000000
148932800000.000000 19200000000.000000 0.000000


7195.283854 102.113237 0.000000
145742288194.702637 38263849017.156662 0.000000


19910.246478 1018.323727 0.000000
140472763721.918854 56922989945.309135 0.000000


38746.888107 3539.566724 0.000000
133211616692.600845 74921024044.078857 0.000000


63381.945860 8406.644378 0.000000
124085757499.051636 92022584321.009384 0.000000


93381.621028 16285.293730 0.000000
113255749129.277145 108020885884.709869 0.000000


128222.018428 27746.316916 0.000000
100908228451.296555 122743286174.970352 0.000000


167313.592616 43252.373530 0.000000
87247398771.785690 136054476470.870056 0.000000


210027.124013 63152.074282 0.000000
72486423412.631577 147857257917.621277 0.000000


255718.830559 87681.042046 0.000000
56839454655.865402 158091154252.951233 0.000000


303752.678457 116968.828170 0.000000
40514836630.333878 166729322944.020813 0.000000


353518.628010 151050.110273 0.000000
23709783605.881508 173774323492.238647 0.000000


404446.259889 189878.470250 0.000000
6606611202.974113 179253295404.799744 0.000000


456013.834492 233341.193896 0.000000
-10629576664.528919 183213018551.490143 0.000000


507753.267229 281273.842607 0.000000
-27851953509.795551 185715211283.004150 0.000000


559251.742227 333473.719329 0.000000
-44932048217.583588 186832297835.621521 0.000000


610150.764426 389711.706714 0.000000
-61759099388.111206 186643766978.967712 0.000000


660143.412607 449742.249461 0.000000
-78238924830.363968 185233158724.147217 0.000000


708970.451913 513311.468192 0.000000
-94292504323.082794 182685657138.712433 0.000000


756415.832868 580163.531722 0.000000
-109854428938.660156 179086231891.350677 0.000000


802301.971696 650045.491495 0.000000
-124871328129.318451 174518253890.172546 0.000000


846485.089040 722710.812709 0.000000
-139300349933.487854 169062505828.910065 0.000000


888850.787679 797921.836721 0.000000
-153107741229.183472 162796511896.515533 0.000000


929309.975555 875451.391329 0.000000
-166267553671.022827 155794118724.604858 0.000000


967795.186251 955083.738491 0.000000
-178760485819.948303 148125269328.359253 0.000000


1004257.311536 1036615.019184 0.000000
-190572861792.157013 139855921738.550171 0.000000


1038662.736140 1119853.326016 0.000000
-201695740328.283142 131048073306.905396 0.000000


1070990.850046 1204618.507915 0.000000
-212124144485.926910 121759859845.016571 0.000000


1101231.905656 1290741.788544 0.000000
-221856400359.051941 112045705678.079407 0.000000


1129385.183844 1378065.261234 0.000000
-230893572692.919952 101956506383.461578 0.000000


1155457.432690 1466441.307865 0.000000
-239238985528.386597 91539830555.925705 0.000000


1179461.544267 1555731.976933 0.000000
-246897816745.657593 80840130549.762451 0.000000


1201415.437505 1645808.346461 0.000000
-253876756360.008209 69898954953.197067 0.000000


1221341.118301 1736549.890061 0.000000
-260183719502.034607 58755157702.060020 0.000000


1239263.891302 1827843.858788 0.000000
-265827606098.888794 47445100369.669891 0.000000


1255211.700998 1919584.687230 0.000000
-270818100304.722656 36002845389.564552 0.000000


1269214.582706 2011673.429088 0.000000
-275165503677.899536 24460338868.682682 0.000000


1281304.206790 2104017.225232 0.000000
-278880596955.853333 12847582304.555447 0.000000


1291513.501795 2196528.805504 0.000000
-281974526032.800110 1192792989.449696 0.000000


1299876.344373 2289126.024405 0.000000
-284458708404.205078 -10477446787.039658 0.000000


1306427.305654 2381731.429946 0.000000
-286344756911.875305 -22138051402.251896 0.000000


1311201.445337 2474271.864418 0.000000
-287644418113.372192 -33765303951.778786 0.000000


1314234.146121 2566678.095507 0.000000
-288369523018.227722 -45336738120.233871 0.000000


1315560.982264 2658884.475942 0.000000
-288531948290.144592 -56831029257.595467 0.000000


1315217.617043 2750828.629831 0.000000
-288143586317.328735 -68227894030.643234 0.000000


1313239.724710 2842451.163768 0.000000
-287216322809.941833 -79507998023.205582 0.000000


1309662.933274 2933695.400868 0.000000
-285762020801.138184 -90652870677.348572 0.000000


1304522.785023 3024507.135944 0.000000
-283792510112.179810 -101644826995.425415 0.000000


1297854.712206 3114834.410135 0.000000
-281319581497.848816 -112466895456.539932 0.000000


1289694.025734 3204627.303394 0.000000
-278354984820.204346 -123102751637.924057 0.000000


1280075.915114 3293837.743372 0.000000
-274910430710.438049 -133536657070.196411 0.000000


1269035.458154 3382419.329343 0.000000
-270997595273.365051 -143753402894.222626 0.000000


1256607.639212 3470327.169928 0.000000
-266628127469.670013 -153738257925.516937 0.000000


1242827.375017 3557517.733485 0.000000
-261813658879.698212 -163476920769.296234 0.000000


1227729.547253 3643948.710170 0.000000
-256565815611.271027 -172955475665.132751 0.000000


1211349.041281 3729578.884731 0.000000
-250896232164.344574 -182160351774.533081 0.000000


1193720.790499 3814368.019246 0.000000
-244816567108.676331 -191078285657.696106 0.000000


1174879.825965 3898276.745082 0.000000
-238338520468.163849 -199696286717.267395 0.000000


1154861.331027 3981266.463452 0.000000
-231473852738.122467 -208001605417.266968 0.000000


1133700.700763 4063299.254050 0.000000
-224234405490.266510 -215981704114.730438 0.000000


1111433.606155 4144337.791307 0.000000
-216632123545.201111 -223624230370.216248 0.000000


1088096.062952 4224345.267919 0.000000
-208679078714.353516 -230916992631.469025 0.000000


1063724.505272 4303285.325360 0.000000
-200387495132.891602 -237847938212.494690 0.000000


1038355.864029 4381121.991209 0.000000
-191769776222.624756 -244405133518.419006 0.000000


1012027.650327 4457819.623155 0.000000
-182838533339.391937 -250576746495.118439 0.000000


984778.043997 4533342.859696 0.000000
-173606616173.167389 -256351031312.095398 0.000000


956645.987522 4607656.577568 0.000000
-164087144981.121277 -261716315317.815002 0.000000


927671.285581 4680725.856100 0.000000
-154293544744.140167 -266660988339.140503 0.000000


897894.710513 4752515.948737 0.000000
-144239581345.729034 -271173494431.042084 0.000000


867358.114010 4822992.262121 0.000000
-133939399878.566437 -275242326219.873413 0.000000


836104.545344 4892120.343209 0.000000
-123407565187.941925 -278856022023.703918 0.000000


804178.376482 4959865.875045 0.000000
-112659104762.409332 -282003165976.971008 0.000000


771625.434399 5026194.681945 0.000000
-101709554079.635773 -284672391434.606567 0.000000


738493.140913 5091072.744981 0.000000
-90575004508.827820 -286852387983.328247 0.000000


704830.660331 5154466.228854 0.000000
-79272153859.284760 -288531912445.495178 0.000000


670689.055152 5216341.521382 0.000000
-67818359646.331238 -289699804324.309692 0.000000


636121.449991 5276665.287068 0.000000
-56231695119.604866 -290345006208.634949 0.000000


601183.203829 5335404.536412 0.000000
-44531008062.574196 -290456589731.632446 0.000000


565932.090535 5392526.712856 0.000000
-32735982324.016899 -290023787759.964417 0.000000


530428.487454 5447999.799547 0.000000
-20867201979.339779 -289036033579.391907 0.000000


494735.571650 5501792.448334 0.000000
-8946217938.928614 -287483007937.793274 0.000000


458919.523099 5553874.133751 0.000000
3004383281.505315 -285354694907.027283 0.000000


423049.733808 5604215.335006 0.000000
14960909041.620998 -282641447629.080322 0.000000


387199.021384 5652787.749343 0.000000
26898488879.868073 -279334065117.095093 0.000000


351443.845071 5699564.540444 0.000000
38791002406.023941 -275423881384.517090 0.000000


315864.521603 5744520.625827 0.000000
50611007785.949776 -270902868270.535583 0.000000


280545.437476 5787633.007486 0.000000
62329672106.657646 -265763753410.105774 0.000000


245575.253268 5828881.150202 0.000000
73916705249.401917 -260000154852.568329 0.000000


211047.094556 5868247.412081 0.000000
85340299298.737259 -253606733851.700195 0.000000


177058.722677 5905717.531878 0.000000
96567075981.258087 -246579367315.858093 0.000000


143712.677062 5941281.177407 0.000000
107562045161.983017 -238915341299.499817 0.000000


111116.379202 5974932.558961 0.000000
118288578028.670273 -230613566711.956787 0.000000


79382.186354 6006671.110782 0.000000
128708399259.235153 -221674818086.141724 0.000000


48627.381072 6036502.242456 0.000000
138781603181.985382 -212101995754.342743 0.000000


18974.080405 6064438.160315 0.000000
148466699679.487274 -201900411081.709991 0.000000


-9450.953588 6090498.756471 0.000000
157720696317.922455 -191078093469.352020 0.000000


-36516.622491 6114712.559916 0.000000
166499223851.080658 -179646116617.551392 0.000000


-62087.941660 6137117.739965 0.000000
174756712777.298035 -167618940000.226562 0.000000


-86026.655416 6157763.147215 0.000000
182446628920.783356 -155014759621.494965 0.000000


-108192.041268 6176709.371009 0.000000
189521775943.184814 -141855859902.994019 0.000000


-128441.926258 6194029.785285 0.000000
195934672121.165710 -128168956019.442413 0.000000


-146633.935861 6209811.546660 0.000000
201638007488.715973 -113985513240.844254 0.000000


-162626.990959 6224156.500185 0.000000
206585185372.683929 -99342026996.732788 0.000000


-176283.060808 6237181.939733 0.000000
210730949297.715851 -84280244670.714294 0.000000


-187469.169137 6249021.162431 0.000000
214032092101.335266 -68847307865.027328 0.000000


-196059.636442 6259823.750785 0.000000
216448238866.726410 -53095792426.683228 0.000000


-201938.524333 6269755.513539 0.000000
217942689065.742157 -37083623339.239708 0.000000


-205002.227910 6278998.018143 0.000000
218483296395.790863 -20873843113.396877 0.000000


-205162.140931 6287747.655342 0.000000
218043357680.794495 -4534215960.100309 0.000000


-202347.297615 6296214.190864 0.000000
216602475580.964294 11863343933.480843 0.000000


-196506.876692 6304618.780964 0.000000
214147354576.207184 28243523256.147655 0.000000


-187612.440602 6313191.457263 0.000000
210672486687.122650 44528532227.266106 0.000000


-175659.778083 6322168.120459 0.000000
206180683546.900482 60639179750.641464 0.000000


-160670.224424 6331787.119420 0.000000
200683415373.169891 76496069429.476501 0.000000


-142691.351419 6342285.528241 0.000000
194200925338.073151 92020873456.723434 0.000000


-121796.948745 6353895.264768 0.000000
186762099484.090485 107137632484.749130 0.000000


-98086.258026 6366839.215645 0.000000
178404086784.856720 121774024418.058197 0.000000


-71682.466967 6381327.541672 0.000000
169171679797.464752 135862544584.785385 0.000000


-42730.518615 6397554.331195 0.000000
159116481873.792175 149341544251.247955 0.000000


-11394.334918 6415694.748554 0.000000
148295900337.065033 162156083576.668610 0.000000


22146.410821 6435902.791287 0.000000
136772014899.116394 174258567834.269012 0.000000


57699.814934 6458309.727868 0.000000
124610375928.614685 185609150544.006622 0.000000


95065.391454 6483023.242041 0.000000
111878787679.704224 196175902356.951355 0.000000


134037.686327 6510127.265589 0.000000
98646127618.523071 205934758474.845184 0.000000


174409.714545 6539682.442912 0.000000
84981245445.385315 214869268792.303223 0.000000


215976.103586 6571727.141402 0.000000
70951975533.534729 222970183018.721893 0.000000


258535.858221 6606278.902785 0.000000
56624285610.795486 230234907512.150574 0.000000


301894.694533 6643336.222408 0.000000
42061573797.310333 236666871651.304657 0.000000


345866.921785 6682880.544646 0.000000
27324116515.429543 242274839841.784271 0.000000


390276.877115 6724878.371244 0.000000
12468661910.240656 247072201444.335999 0.000000


434959.938749 6769283.393013 0.000000
-2451842462.871017 251076265815.952209 0.000000


479763.158011 6816038.571740 0.000000
-17388402812.931808 254307583989.843872 0.000000


524545.559269 6865078.116290 0.000000
-32296030365.369541 256789312872.106842 0.000000


569178.160863 6916329.313327 0.000000
-47133708504.350922 258546632620.743805 0.000000


613543.769995 6969714.187709 0.000000
-61864293086.335007 259606223354.889282 0.000000


657536.601691 7025150.979999 0.000000
-76454361892.802673 259995803639.085907 0.000000


701061.767194 7082555.438373 0.000000
-90874027404.564651 259743730314.499664 0.000000


744034.671349 7141841.929620 0.000000
-105096725071.702682 258878657149.699677 0.000000


786380.352434 7202924.379200 0.000000
-119098987209.749191 257429248359.893097 0.000000


828032.791842 7265717.053684 0.000000
-132860210704.043457 255423942178.717926 0.000000


868934.215432 7330135.200810 0.000000
-146362424931.248169 252890759242.515167 0.000000


909034.403351 7396095.563124 0.000000
-159590064752.236420 249857150453.873413 0.000000


948290.020814 7463516.781051 0.000000
-172529752108.222473 246349879134.092377 0.000000


986663.978730 7532319.700574 0.000000
-185170088657.123230 242394932574.633514 0.000000


1024124.830060 7602427.599619 0.000000
-197501461002.726990 238017458493.693298 0.000000


1060646.205474 7673766.345967 0.000000
-209515859371.850403 233241722348.818573 0.000000


1096206.289995 7746264.498156 0.000000
-221206710058.255219 228091081915.873627 0.000000


1130787.340959 7819853.359464 0.000000
-232568721550.699646 222587975995.024750 0.000000


1164375.246542 7894466.993724 0.000000
-243597743971.805023 216753924530.317322 0.000000


1196959.123434 7970042.210528 0.000000
-254290641252.661255 210609537821.704163 0.000000


1228530.951684 8046518.526230 0.000000
-264645175336.409729 204174532862.430603 0.000000


1259085.244489 8123838.106161 0.000000
-274659901626.506805 197467755149.095062 0.000000


1288618.750477 8201945.692581 0.000000
-284334074858.819519 190507204587.262939 0.000000


1317130.186035 8280788.522149 0.000000
-293667564570.464233 183310064354.365997 0.000000


1344619.995191 8360316.235976 0.000000
-302660779353.846436 175892731786.721008 0.000000


1371090.134665 8440480.784819 0.000000
-311314599115.011536 168270850532.179932 0.000000


1396543.881815 8521236.331428 0.000000
-319630314595.995667 160459343357.614075 0.000000


1420985.663304 8602539.151720 0.000000
-327609573467.441772 152472445124.479858 0.000000


1444420.902507 8684347.536040 0.000000
-335254332347.378845 144323735549.261536 0.000000


1466855.883771 8766621.691557 0.000000
-342566814152.594360 136026171451.514557 0.000000


1488297.631855 8849323.646552 0.000000
-349549470238.931763 127592118263.131607 0.000000


1508753.804961 8932417.157202 0.000000
-356204946835.047363 119033380630.608734 0.000000


1528232.599966 9015867.617271 0.000000
-362536055319.973816 110361231989.506683 0.000000


1546742.668554 9099641.971032 0.000000
-368545745937.827271 101586443028.711380 0.000000


1564293.043094 9183708.629602 0.000000
-374237084582.947021 92719308992.990112 0.000000


1580893.071227 9268037.390810 0.000000
-379613232325.584534 83769675796.984344 0.000000


1596552.358212 9352599.362651 0.000000
-384677427381.998474 74746964943.254456 0.000000


1611280.716199 9437366.890317 0.000000
-389432969263.555420 65660197252.205978 0.000000


1625088.119674 9522313.486773 0.000000
-393883204867.333496 56518015423.444458 0.000000


1637984.666399 9607413.766790 0.000000
-398031516295.948425 47328705456.967690 0.000000


1649980.543246 9692643.384359 0.000000
-401881310217.060486 38100216969.142929 0.000000


1661085.996397 9777978.973355 0.000000
-405436008593.470276 28840182443.076378 0.000000


1671311.305411 9863398.091333 0.000000
-408699040633.063232 19555935456.130665 0.000000


1680666.760751 9948879.166335 0.000000
-411673835824.311462 10254527929.287018 0.000000


1689162.644386 10034401.446558 0.000000
-414363817937.752686 942746444.032007 0.000000


1696809.213117 10119944.952743 0.000000
-416772399887.023865 -8372872327.319780 0.000000


1703616.684344 10205490.433171 0.000000
-418902979354.770020 -17686027032.308411 0.000000


1709595.223992 10291019.321103 0.000000
-420758935099.235168 -26990637845.257290 0.000000


1714754.936370 10376513.694545 0.000000
-422343623866.691772 -36280833426.823418 0.000000


1719105.855737 10461956.238206 0.000000
-423660377843.204163 -45550938593.925003 0.000000


1722657.939398 10547330.207532 0.000000
-424712502586.654297 -54795462659.355293 0.000000


1725421.062164 10632619.394682 0.000000
-425503275386.585693 -64009088402.059425 0.000000


1727405.012019 10717808.096345 0.000000
-426035944005.326843 -73186661630.787567 0.000000


1728619.486864 10802881.083275 0.000000
-426313725759.121887 -82323181305.606461 0.000000


1729074.092233 10887823.571461 0.000000
-426339806902.692749 -91413790183.524094 0.000000


1728778.339862 10972621.194811 0.000000
-426117342284.845642 -100453765956.236526 0.000000


1727741.647032 11057259.979267 0.000000
-425649455246.473389 -109438512849.726105 0.000000


1725973.336593 11141726.318267 0.000000
-424939237735.642578 -118363553657.112610 0.000000


1723482.637615 11226006.949461 0.000000
-423989750617.438721 -127224522177.775848 0.000000


1720278.686584 11310088.932610 0.000000
-422804024158.908936 -136017156037.323013 0.000000


1716370.529098 11393959.628590 0.000000
-421385058671.828857 -144737289864.462769 0.000000


1711767.122018 11477606.679430 0.000000
-419735825298.161377 -153380848802.269104 0.000000


1706477.336021 11561017.989328 0.000000
-417859266924.992371 -161943842332.669464 0.000000


1700509.958528 11644181.706566 0.000000
-415758299217.454041 -170422358394.276245 0.000000


1693873.696964 11727086.206288 0.000000
-413435811759.699036 -178812557774.896271 0.000000


1686577.182339 11809720.074065 0.000000
-410894669295.386841 -187110668761.204742 0.000000


1678628.973105 11892072.090213 0.000000
-408137713060.409363 -195312982029.158264 0.000000


1670037.559289 11974131.214809 0.000000
-405167762201.729004 -203415845759.749359 0.000000


1660811.366872 12055886.573356 0.000000
-401987615277.242493 -211415660965.675873 0.000000


1650958.762402 12137327.443071 0.000000
-398600051832.533997 -219308877015.415222 0.000000


1640488.057841 12218443.239730 0.000000
-395007834051.247742 -227091987342.059174 0.000000


1629407.515621 12299223.505065 0.000000
-391213708476.610046 -234761525325.082947 0.000000


1617725.353914 12379657.894655 0.000000
-387220407802.364563 -242314060333.996429 0.000000


1605449.752104 12459736.166285 0.000000
-383030652732.069092 -249746193923.558594 0.000000


1592588.856472 12539448.168750 0.000000
-378647153906.338074 -257054556170.931763 0.000000


1579150.786079 12618783.831071 0.000000
-374072613898.213623 -264235802145.813995 0.000000


1565143.638851 12697733.152092 0.000000
-369309729277.410889 -271286608505.218750 0.000000


1550575.497880 12776286.190445 0.000000
-364361192744.722229 -278203670205.174194 0.000000


1535454.437933 12854433.054849 0.000000
-359229695338.377625 -284983697322.194214 0.000000


1519788.532184 12932163.894738 0.000000
-353917928714.655029 -291623411977.931152 0.000000


1503585.859165 13009468.891175 0.000000
-348428587505.516968 -298119545360.961121 0.000000


1486854.509963 13086338.248063 0.000000
-342764371756.522705 -304468834840.180420 0.000000


1469602.595657 13162762.183612 0.000000
-336927989448.729797 -310668021164.806335 0.000000


1451838.255011 13238730.922069 0.000000
-330922159108.763794 -316713845746.485291 0.000000


1433569.662448 13314234.685678 0.000000
-324749612511.696960 -322603048019.516296 0.000000


1414805.036297 13389263.686876 0.000000
-318413097481.843567 -328332362875.702026 0.000000


1395552.647353 13463808.120707 0.000000
-311915380797.052429 -333898518170.849609 0.000000


1375820.827747 13537858.157444 0.000000
-305259251202.556335 -339298232300.458984 0.000000


1355617.980168 13611403.935418 0.000000
-298447522540.931885 -344528211842.666077 0.000000


1334952.587423 13684435.554049 0.000000
-291483037005.225769 -349585149267.052856 0.000000


1313833.222399 13756943.067066 0.000000
-284368668522.825378 -354465720708.502991 0.000000


1292268.558416 13828916.475927 0.000000
-277107326278.187622 -359166583805.875427 0.000000


1270267.380015 13900345.723435 0.000000
-269701958383.097229 -363684375605.891418 0.000000


1247838.594196 13971220.687546 0.000000
-262155555703.703094 -368015710533.295898 0.000000


1224991.242149 14041531.175380 0.000000
-254471155854.179718 -372157178429.059204 0.000000


1201734.511498 14111266.917445 0.000000
-246651847367.485443 -376105342659.144958 0.000000


1178077.749087 14180417.562066 0.000000
-238700774054.335480 -379856738297.187317 0.000000


1154030.474355 14248972.670055 0.000000
-230621139562.181335 -383407870385.306641 0.000000


1129602.393326 14316921.709611 0.000000
-222416212146.685852 -386755212278.253906 0.000000


1104803.413258 14384254.051488 0.000000
-214089329668.907379 -389895204077.123962 0.000000


1079643.657987 14450958.964438 0.000000
-205643904832.154175 -392824251160.024048 0.000000


1054133.484015 14517025.610954 0.000000
-197083430673.241943 -395538722818.341309 0.000000


1028283.497382 14582443.043355 0.000000
-188411486323.680420 -398034951008.633789 0.000000


1002104.571373 14647200.200221 0.000000
-179631743057.125122 -400309229231.688171 0.000000


975607.865107 14711285.903242 0.000000
-170747970640.255859 -402357811551.960815 0.000000


948804.843070 14774688.854495 0.000000
-161764044005.076141 -404176911772.465393 0.000000


921707.295629 14837397.634231 0.000000
-152683950261.461914 -405762702782.206726 0.000000


894327.360604 14899400.699190 0.000000
-143511796069.615051 -407111316095.512573 0.000000


866677.545950 14960686.381531 0.000000
-134251815392.882950 -408218841605.102783 0.000000


838770.753609 15021242.888444 0.000000
-124908377652.180069 -409081327573.483765 0.000000


810620.304598 15081058.302508 0.000000
-115485996303.968826 -409694780890.298462 0.000000


782239.965407 15140120.582898 0.000000
-105989337864.408432 -410055167626.619507 0.000000


753643.975763 15198417.567530 0.000000
-96423231402.832169 -410158413920.889343 0.000000


724847.077844 15255936.976260 0.000000
-86792678528.137009 -410000407235.309509 0.000000


695864.547004 15312666.415259 0.000000
-77102863891.926849 -409576998026.009521 0.000000


666712.224081 15368593.382691 0.000000
-67359166232.296402 -408884001875.318542 0.000000


637406.549370 15423705.275872 0.000000
-57567169981.924316 -407917202139.961731 0.000000


607964.598320 15477989.400046 0.000000
-47732677463.598633 -406672353175.056091 0.000000


578404.119024 15531432.978997 0.000000
-37861721695.349136 -405145184200.430298 0.000000


548743.571572 15584023.167698 0.000000
-27960579825.922688 -403331403883.083862 0.000000


519002.169330 15635747.067214 0.000000
-18035787219.304298 -401226705717.583801 0.000000


489199.922179 15686591.742148 0.000000
-8094152204.237844 -398826774294.909363 0.000000


459357.681780 15736544.240887 0.000000
1857228498.906622 -396127292559.743896 0.000000


429497.188878 15785591.618978 0.000000
11810953666.201750 -393123950166.504944 0.000000


399641.122671 15833720.965983 0.000000
21759300771.294895 -389812453055.532288 0.000000


369813.152230 15880919.436179 0.000000
31694208505.009621 -386188534382.823547 0.000000


340037.989948 15927174.283547 0.000000
41607258627.791313 -382247966949.518555 0.000000


310341.446962 15972472.901481 0.000000
51489657180.319122 -377986577290.952454 0.000000


280750.490437 16016802.867740 0.000000
61332215090.862480 -373400261599.465210 0.000000


251293.302593 16060151.995178 0.000000
71125328233.897552 -368485003670.167236 0.000000


221999.341276 16102508.388843 0.000000
80858957013.534195 -363236895074.359741 0.000000


192899.401812 16143860.510080 0.000000
90522605567.900085 -357652157781.073486 0.000000


164025.679834 16184197.248338 0.000000
100105300717.295120 -351727169462.915100 0.000000


135411.834654 16223508.001385 0.000000
109595570810.217453 -345458491737.682129 0.000000


107093.052668 16261782.764741 0.000000
118981424657.861313 -338842901611.494873 0.000000


79106.110171 16299012.231116 0.000000
128250330790.012207 -331877426401.804626 0.000000


51489.434795 16335187.900723 0.000000
137389197314.041321 -324559382428.703552 0.000000


24283.164663 16370302.203335 0.000000
146384352714.540436 -316886417769.394226 0.000000


-2470.795860 16404348.632978 0.000000
155221527994.603058 -308856559372.139771 0.000000


-28728.725125 16437321.896139 0.000000
163885840631.315918 -300468264820.886841 0.000000


-54445.039386 16469218.074355 0.000000
172361780897.986267 -291720479028.080383 0.000000


-79572.256024 16500034.801969 0.000000
180633201194.072083 -282612696108.675354 0.000000


-104060.966863 16529771.459779 0.000000
188683309120.436371 -273145026650.309753 0.000000


-127859.823931 16558429.385134 0.000000
196494665141.686188 -263318270539.975037 0.000000


-150915.540388 16586012.098858 0.000000
204049185787.638306 -253133995432.856506 0.000000


-173172.909608 16612525.549132 0.000000
211328153460.234711 -242594620850.556488 0.000000


-194574.845824 16637978.372097 0.000000
218312234027.379486 -231703507769.656433 0.000000


-215062.450017 16662382.168557 0.000000
224981503496.825287 -220465053403.441406 0.000000


-234575.105113 16685751.795600 0.000000
231315485165.599884 -208884790685.678955 0.000000


-253050.604799 16708105.671337 0.000000
237293198726.056488 -196969491732.179962 0.000000


-270425.320494 16729466.090183 0.000000
242893222869.132874 -184727274280.958038 0.000000


-286634.411172 16749859.545226 0.000000
248093772947.534485 -172167709794.146515 0.000000


-301612.080669 16769317.053217 0.000000
252872795233.104706 -159301931545.623199 0.000000


-315291.886997 16787874.476550 0.000000
257208079208.676636 -146142740621.762207 0.000000


-327607.107736 16805572.835410 0.000000
261077389159.034607 -132704707337.051361 0.000000


-338491.164925 16822458.601917 0.000000
264458616051.639435 -119004265124.535736 0.000000


-347878.111909 16838583.966788 0.000000
267329950309.663330 -105059793521.974960 0.000000


-355703.183197 16854007.067752 0.000000
269670075564.297058 -90891686463.427307 0.000000


-361903.406691 16868792.167776 0.000000
271458382821.514832 -76522401734.520111 0.000000


-366418.275446 16883009.770274 0.000000
272675203688.976868 -61976487195.984947 0.000000


-369190.473563 16896736.657859 0.000000
273302060389.965729 -47280579267.133003 0.000000


-370166.647907 16910055.841166 0.000000
273321929264.392761 -32463369234.412888 0.000000


-369298.214094 16923056.404781 0.000000
272719513358.256287 -17555533254.600262 0.000000


-366542.181905 16935833.238663 0.000000
271481518585.211914 -2589622496.229339 0.000000


-361861.981904 16948486.645561 0.000000
269596926876.104584 12400089266.410122 0.000000


-355228.272075 16961121.818025 0.000000
267057258797.324707 27377802116.111912 0.000000


-346619.700726 16973848.182586 0.000000
263856817408.660095 42306430555.288773 0.000000


-336023.600265 16986778.613454 0.000000
259992904739.417786 57147886498.557884 0.000000


-323436.585824 17000028.523529 0.000000
255466002273.130219 71863401142.878922 0.000000


-308865.033444 17013714.846293 0.000000
250279907311.598541 86413880215.201340 0.000000


-292325.414718 17027954.927970 0.000000
244441818072.786743 100760285215.357941 0.000000


-273844.468487 17042865.354700 0.000000
237962361857.999603 114864031599.246292 0.000000


-253459.195341 17058560.744045 0.000000
230855562549.323151 128687393528.490997 0.000000


-231216.667002 17075152.533395 0.000000
223138745969.202637 142193903975.872681 0.000000


-207173.649854 17092747.799530 0.000000
214832384110.262146 155348738716.339783 0.000000


-181396.049436 17111448.143439 0.000000
205959881756.489777 168119073100.587799 0.000000


-153958.190091 17131348.672449 0.000000
196547311386.805420 180474401496.342896 0.000000


-124941.950697 17152537.107870 0.000000
186623104307.147095 192386810829.511536 0.000000


-94435.782890 17175093.041037 0.000000
176217707553.371216 203831201650.585022 0.000000


-62533.642188 17199087.354083 0.000000
165363217143.359772 214785452440.556274 0.000000


-29333.864635 17224581.814733 0.000000
154092998684.473755 225230525284.043335 0.000000


5061.978071 17251628.847106 0.000000
142441306168.865936 235150513403.029785 0.000000


40550.213352 17280271.473712 0.000000
130442909071.725494 244532633207.281494 0.000000


77026.163671 17310543.417788 0.000000
118132736703.822006 253367165353.132202 0.000000


114385.178896 17342469.350172 0.000000
105545547282.988556 261647350727.411804 0.000000


152523.585168 17376065.261354 0.000000
92715627512.874954 269369248247.719147 0.000000


191339.535521 17411338.937065 0.000000
79676526720.674332 276531561894.852295 0.000000


230733.752660 17448290.514846 0.000000
66460827922.184708 283135444503.018188 0.000000


270610.159168 17486913.099278 0.000000
53099956642.825668 289184285588.365112 0.000000


310876.394755 17527193.414718 0.000000
39624026990.524994 294683489971.078003 0.000000


351444.223765 17569112.476305 0.000000
26061723387.284370 299640253220.677063 0.000000


392229.839099 17612646.262395 0.000000
12440215533.164248 304063339105.539917 0.000000


433154.070767 17657766.374221 0.000000
-1214896407.817768 307962863324.962097 0.000000


474142.508744 17704440.671310 0.000000
-14879609767.421003 311350086902.340637 0.000000


515125.550521 17752633.873812 0.000000
-28531524006.739090 314237221765.050781 0.000000


556038.383999 17802308.125373 0.000000
-42149825551.381371 316637250260.820618 0.000000


596820.916160 17853423.512369 0.000000
-55715256230.821251 318563759680.463379 0.000000


637417.657423 17905938.537163 0.000000
-69210068508.556061 320030792281.223145 0.000000


677777.570849 17959810.544686 0.000000
-82617970413.684921 321052710834.354736 0.000000


717853.894475 18014996.102836 0.000000
-95924062774.148102 321644079349.793579 0.000000


757603.944090 18071451.338201 0.000000
-109114771028.000275 321819558350.989197 0.000000


796988.902792 18129132.229303 0.000000
-122177773567.684784 321593813873.113098 0.000000


835973.602732 18187994.860085 0.000000
-135101928264.922455 320981439225.981995 0.000000


874526.303540 18247995.636627 0.000000
-147877198538.336914 319996888487.272949 0.000000


912618.471132 18309091.470265 0.000000
-160494580067.023926 318654420660.775879 0.000000


950224.559841 18371239.930317 0.000000
-172946029023.212158 316968053438.436035 0.000000


987321.800186 18434399.369563 0.000000
-185224392496.401215 314951525534.995361 0.000000


1023889.994022 18498529.025491 0.000000
-197323341609.035339 312618266612.690674 0.000000


1059911.318350 18563589.100194 0.000000
-209237307678.132843 309981373874.575684 0.000000


1095370.138651 18629540.821555 0.000000
-220961421656.061646 307053594473.663757 0.000000


1130252.832298 18696346.488189 0.000000
-232491456984.278992 303847312957.381958 0.000000


1164547.622308 18763969.500367 0.000000
-243823775913.703918 300374543039.845764 0.000000


1198244.421503 18832374.378936 0.000000
-254955279281.889008 296646923066.041321 0.000000


1231334.686967 18901526.774037 0.000000
-265883359687.870453 292675714600.614990 0.000000


1263811.284566 18971393.465232 0.000000
-276605857968.269104 288471803638.591248 0.000000


1295668.363195 19041942.354447 0.000000
-287121022850.886780 284045703995.356628 0.000000


1326901.238342 19113142.452978 0.000000
-297427473642.916748 279407562488.334229 0.000000


1357506.284538 19184963.863648 0.000000
-307524165798.431091 274567165572.852112 0.000000


1387480.836189 19257377.759053 0.000000
-317410359202.693970 269533947139.852631 0.000000


1416823.096328 19330356.356720 0.000000
-327085589007.963745 264316997223.492645 0.000000


1445532.052752 19403872.891867 0.000000
-336549638855.843445 258925071402.617737 0.000000


1473607.401098 19477901.588370 0.000000
-345802516324.140015 253366600711.870911 0.000000


1501049.474333 19552417.628445 0.000000
-354844430440.956360 247649701906.157257 0.000000


1527859.178230 19627397.121483 0.000000
-363675771114.838745 241782187946.673981 0.000000


1554037.932370 19702817.072379 0.000000
-372297090336.819763 235771578598.073425 0.000000


1579587.616246 19778655.349686 0.000000
-380709085017.790283 229625111044.875702 0.000000


1604510.520087 19854890.653825 0.000000
-388912581332.545532 223349750451.299774 0.000000


1628809.300011 19931502.485559 0.000000
-396908520449.865967 216952200402.519379 0.000000


1652486.937165 20008471.114909 0.000000
-404697945535.960327 210438913177.235718 0.000000


1675546.700529 20085777.550633 0.000000
-412281989926.397827 203816099811.630219 0.000000


1697992.113069 20163403.510389 0.000000
-419661866369.201294 197089739923.433044 0.000000


1719826.920974 20241331.391643 0.000000
-426838857249.000671 190265591272.206299 0.000000


1741055.065705 20319544.243411 0.000000
-433814305709.023071 183349199038.170532 0.000000


1761680.658618 20398025.738858 0.000000
-440589607594.189087 176345904807.144806 0.000000


1781707.957946 20476760.148791 0.000000
-447166204144.689941 169260855253.564240 0.000000


1801141.347932 20555732.316074 0.000000
-453545575375.131287 162099010517.196960 0.000000


1819985.319924 20634927.630954 0.000000
-459729234079.651794 154865152272.212280 0.000000


1838244.455272 20714332.007316 0.000000
-465718720408.369934 147563891489.739349 0.000000


1855923.409850 20793931.859853 0.000000
-471515596965.093933 140199675897.082794 0.000000


1873026.900085 20873714.082139 0.000000
-477121444380.463501 132776797138.394119 0.000000


1889559.690340 20953666.025584 0.000000
-482537857318.596741 125299397642.896088 0.000000


1905526.581538 21033775.479264 0.000000
-487766440878.911682 117771477207.771118 0.000000


1920932.400924 21114030.650591 0.000000
-492808807358.095825 110196899303.599548 0.000000


1935781.992852 21194420.146804 0.000000
-497666573340.232849 102579397110.806366 0.000000


1950080.210513 21274932.957248 0.000000
-502341357085.875854 94922579295.978958 0.000000


1963831.908524 21355558.436434 0.000000
-506834776193.407104 87229935537.181305 0.000000


1977041.936292 21436286.287821 0.000000
-511148445508.357117 79504841807.535431 0.000000


1989715.132085 21517106.548322 0.000000
-515283975258.488586 71750565426.390732 0.000000


2001856.317756 21598009.573488 0.000000
-519242969394.403442 63970269887.371498 0.000000


2013470.294051 21678986.023345 0.000000
-523027024117.211609 56167019472.499062 0.000000


2024561.836455 21760026.848867 0.000000
-526637726576.430054 48343783661.439507 0.000000


2035135.691519 21841123.279043 0.000000
-530076653722.764160 40503441344.741585 0.000000


2045196.573642 21922266.808522 0.000000
-533345371301.781921 32648784849.711056 0.000000


2054749.162240 22003449.185805 0.000000
-536445432975.727783 24782523787.325626 0.000000


2063798.099298 22084662.401968 0.000000
-539378379561.852417 16907288728.334404 0.000000


2072347.987244 22165898.679877 0.000000
-542145738376.664734 9025634716.413229 0.000000


2080403.387130 22247150.463884 0.000000
-544749022676.451660 1140044625.966724 0.000000


2087968.817086 22328410.409983 0.000000
-547189731185.268433 -6747067628.117017 0.000000


2095048.751032 22409671.376390 0.000000
-549469347702.383301 -14633354021.739346 0.000000


2101647.617604 22490926.414544 0.000000
-551589340781.873657 -22516529487.156826 0.000000


2107769.799299 22572168.760494 0.000000
-553551163477.721680 -30394369106.386959 0.000000


2113419.631798 22653391.826669 0.000000
-555356253148.348145 -38264705426.278008 0.000000


2118601.403464 22734589.193996 0.000000
-557006031315.068970 -46125425889.338097 0.000000


2123319.354992 22815754.604357 0.000000
-558501903569.447510 -53974470374.682808 0.000000


2127577.679200 22896881.953379 0.000000
-559845259524.971069 -61809828843.716614 0.000000


2131380.520946 22977965.283513 0.000000
-561037472808.887939 -69629539085.411636 0.000000


2134731.977156 23058998.777421 0.000000
-562079901090.419678 -77431684556.286301 0.000000


2137636.096964 23139976.751629 0.000000
-562973886141.904297 -85214392310.416962 0.000000


2140096.881940 23220893.650447 0.000000
-563720753929.740723 -92975831015.036804 0.000000


2142118.286400 23301744.040140 0.000000
-564321814732.290039 -100714209047.488724 0.000000


2143704.217804 23382522.603338 0.000000
-564778363282.151367 -108427772669.502151 0.000000


2144858.537213 23463224.133667 0.000000
-565091678930.470093 -116114804274.957932 0.000000


2145585.059810 23543843.530603 0.000000
-565263025831.152100 -123773620707.491547 0.000000


2145887.555486 23624375.794520 0.000000
-565293653143.061523 -131402571644.461533 0.000000


2145769.749468 23704816.021943 0.000000
-565184795248.459106 -139000038043.979065 0.000000


2145235.322997 23785159.400977 0.000000
-564937671986.109375 -146564430651.855469 0.000000


2144287.914050 23865401.206914 0.000000
-564553488897.634644 -154094188565.477325 0.000000


2142931.118093 23945536.798009 0.000000
-564033437485.838501 -161587777851.764160 0.000000


2141168.488879 24025561.611411 0.000000
-563378695483.846313 -169043690216.502563 0.000000


2139003.539263 24105471.159244 0.000000
-562590427134.033936 -176460441722.480927 0.000000


2136439.742060 24185261.024835 0.000000
-561669783475.818481 -183836571553.974976 0.000000


2133480.530913 24264926.859069 0.000000
-560617902641.491211 -191170640825.251312 0.000000


2130129.301200 24344464.376883 0.000000
-559435910159.358521 -198461231430.869568 0.000000


2126389.410946 24423869.353876 0.000000
-558124919263.547241 -205706944935.669647 0.000000


2122264.181767 24503137.623034 0.000000
-556686031209.903809 -212906401502.431610 0.000000


2117756.899823 24582265.071570 0.000000
-555120335597.491699 -220058238855.291840 0.000000


2112870.816794 24661247.637864 0.000000
-553428910695.256958 -227161111277.089355 0.000000


2107609.150863 24740081.308504 0.000000
-551612823773.493896 -234213688638.902588 0.000000


2101975.087719 24818762.115424 0.000000
-549673131439.797668 -241214655460.118134 0.000000


2095971.781574 24897286.133124 0.000000
-547610879979.247559 -248162709997.450500 0.000000


2089602.356186 24975649.475981 0.000000
-545427105698.609741 -255056563361.404694 0.000000


2082869.905898 25053848.295638 0.000000
-543122835274.397095 -261894938658.743073 0.000000


2075777.496689 25131878.778467 0.000000
-540699086104.664734 -268676570159.583557 0.000000


2068328.167236 25209737.143111 0.000000
-538156866664.461853 -275400202487.818176 0.000000


2060524.929981 25287419.638080 0.000000
-535497176864.895813 -282064589833.600586 0.000000


2052370.772221 25364922.539428 0.000000
-532721008415.803528 -288668495186.706482 0.000000


2043868.657193 25442242.148480 0.000000
-529829345192.054260 -295210689589.624084 0.000000


2035021.525186 25519374.789620 0.000000
-526823163603.544983 -301689951409.281860 0.000000


2025832.294651 25596316.808133 0.000000
-523703432968.975525 -308105065626.369202 0.000000


2016303.863332 25673064.568098 0.000000
-520471115893.523010 -314454823141.249512 0.000000


2006439.109403 25749614.450329 0.000000
-517127168650.561340 -320738020095.509460 0.000000


1996240.892620 25825962.850363 0.000000
-513672541567.599426 -326953457208.227966 0.000000


1985712.055485 25902106.176490 0.000000
-510108179416.638062 -333099939126.088440 0.000000


1974855.424423 25978040.847823 0.000000
-506435021809.170532 -339176273786.492493 0.000000


1963673.810978 26053763.292405 0.000000
-502654003596.078125 -345181271792.871155 0.000000


1952170.013016 26129269.945354 0.000000
-498766055272.695190 -351113745801.420837 0.000000


1940346.815950 26204557.247036 0.000000
-494772103389.344360 -356972509918.523865 0.000000


1928206.993982 26279621.641279 0.000000
-490673070967.665466 -362756379108.144653 0.000000


1915753.311357 26354459.573603 0.000000
-486469877923.087769 -368464168608.519958 0.000000


1902988.523643 26429067.489485 0.000000
-482163441493.817383 -374094693357.491943 0.000000


1889915.379029 26503441.832650 0.000000
-477754676676.739075 -379646767425.856140 0.000000


1876536.619640 26577579.043378 0.000000
-473244496670.654114 -385119203458.126526 0.000000


1862854.982881 26651475.556843 0.000000
-468633813327.303284 -390510812120.140076 0.000000


1848873.202803 26725127.801456 0.000000
-463923537610.648926 -395820401552.951599 0.000000


1834594.011489 26798532.197247 0.000000
-459114580064.916870 -401046776832.489136 0.000000


1820020.140480 26871685.154240 0.000000
-454207851291.926392 -406188739434.465637 0.000000


1805154.322211 26944583.070867 0.000000
-449204262438.264648 -411245086704.063416 0.000000


1789999.291499 27017222.332374 0.000000
-444104725692.890808 -416214611329.929565 0.000000


1774557.787044 27089599.309255 0.000000
-438910154795.785339 -421096100822.043335 0.000000


1758832.552975 27161710.355687 0.000000
-433621465558.291687 -425888336993.035339 0.000000


1742826.340431 27233551.807981 0.000000
-428239576395.828857 -430590095442.562134 0.000000


1726541.909175 27305119.983039 0.000000
-422765408873.688721 -435200145044.358582 0.000000


1709982.029254 27376411.176819 0.000000
-417199888266.666138 -439717247435.613281 0.000000


1693149.482701 27447421.662806 0.000000
-411543944133.307434 -444140156508.333252 0.000000


1676047.065278 27518147.690486 0.000000
-405798510905.601440 -448467617902.385437 0.000000


1658677.588269 27588585.483832 0.000000
-399964528494.976990 -452698368499.925903 0.000000


1641043.880325 27658731.239786 0.000000
-394042942915.514099 -456831135920.949951 0.000000


1623148.789360 27728581.126748 0.000000
-388034706925.319946 -460864638019.720398 0.000000


1604995.184506 27798131.283068 0.000000
-381940780687.067444 -464797582381.856750 0.000000


1586585.958117 27867377.815532 0.000000
-375762132448.743164 -468628665821.891846 0.000000


1567924.027852 27936316.797864 0.000000
-369499739245.703186 -472356573881.133484 0.000000


1549012.338809 28004944.269212 0.000000
-363154587625.188843 -475979980325.692810 0.000000


1529853.865735 28073256.232648 0.000000
-356727674394.511719 -479497546644.575867 0.000000


1510451.615305 28141248.653658 0.000000
-350220007394.177124 -482907921547.764526 0.000000


1490808.628487 28208917.458639 0.000000
-343632606297.277283 -486209740464.248718 0.000000


1470927.982974 28276258.533391 0.000000
-336966503436.553284 -489401625040.009399 0.000000


1450812.795709 28343267.721614 0.000000
-330222744660.592651 -492482182635.990601 0.000000


1430466.225506 28409940.823398 0.000000
-323402390220.703613 -495450005826.143005 0.000000


1409891.475750 28476273.593719 0.000000
-316506515690.084595 -498303671895.667175 0.000000


1389091.797209 28542261.740936 0.000000
-309536212916.987305 -501041742339.635742 0.000000


1368070.490946 28607900.925286 0.000000
-302492591013.658020 -503662762362.227112 0.000000


1346830.911341 28673186.757382 0.000000
-295376777382.930969 -506165260376.864075 0.000000


1325376.469231 28738114.796717 0.000000
-288189918784.442566 -508547747507.613098 0.000000


1303710.635168 28802680.550170 0.000000
-280933182442.532959 -510808717092.272034 0.000000


1281836.942810 28866879.470517 0.000000
-273607757198.006989 -512946644187.648743 0.000000


1259758.992442 28930706.954955 0.000000
-266214854706.035461 -514959985077.616821 0.000000


1237480.454645 28994158.343624 0.000000
-258755710682.591736 -516847176784.626099 0.000000


1215005.074107 29057228.918154 0.000000
-251231586201.940094 -518606636585.442749 0.000000


1192336.673599 29119913.900218 0.000000
-243643769047.817902 -520236761532.004028 0.000000


1169479.158108 29182208.450099 0.000000
-235993575121.086334 -521735927978.389709 0.000000


1146436.519153 29244107.665289 0.000000
-228282349906.762207 -523102491115.041931 0.000000


1123212.839271 29305606.579096 0.000000
-220511470003.489014 -524334784511.506226 0.000000


1099812.296713 29366700.159294 0.000000
-212682344718.656189 -525431119669.121399 0.000000


1076239.170323 29427383.306790 0.000000
-204796417732.533447 -526389785585.255249 0.000000


1052497.844639 29487650.854344 0.000000
-196855168834.951508 -527209048330.867371 0.000000


1028592.815221 29547497.565317 0.000000
-188860115738.232239 -527887150643.383789 0.000000


1004528.694205 29606918.132480 0.000000
-180812815970.248413 -528422311537.089355 0.000000


980310.216104 29665907.176870 0.000000
-172714868851.678253 -528812725933.486206 0.000000


955942.243878 29724459.246719 0.000000
-164567917561.710236 -529056564314.333130 0.000000


931429.775261 29782568.816446 0.000000
-156373651296.651093 -529151972400.369751 0.000000


906777.949389 29840230.285736 0.000000
-148133807526.092072 -529097070859.049255 0.000000


881992.053714 29897437.978714 0.000000
-139850174351.496796 -528889955044.950073 0.000000


857077.531241 29954186.143216 0.000000
-131524592972.286362 -528528694776.918762 0.000000


832039.988096 30010468.950182 0.000000
-123158960264.713394 -528011334156.413086 0.000000


806885.201434 30066280.493179 0.000000
-114755231479.036072 -527335891431.969360 0.000000


781619.127716 30121614.788069 0.000000
-106315423060.722702 -526500358915.217896 0.000000


756247.911368 30176465.772840 0.000000
-97841615601.637909 -525502702954.415527 0.000000


730777.893831 30230827.307621 0.000000
-89335956927.379166 -524340863972.059875 0.000000


705215.623039 30284693.174900 0.000000
-80800665327.145569 -523012756573.801941 0.000000


679567.863328 30338057.079964 0.000000
-72238032932.726746 -521516269736.586182 0.000000


653841.605805 30390912.651595 0.000000
-63650429253.395309 -519849267084.723145 0.000000


628044.079191 30443253.443037 0.000000
-55040304873.666672 -518009587263.450684 0.000000


602182.761172 30495072.933278 0.000000
-46410195321.052208 -515995044420.463928 0.000000


576265.390262 30546364.528667 0.000000
-37762725111.068077 -513803428806.905762 0.000000


550299.978212 30597121.564912 0.000000
-29100611976.868523 -511432507510.408875 0.000000


524294.822986 30647337.309490 0.000000
-20426671290.939667 -508880025333.981018 0.000000


498258.522321 30697004.964522 0.000000
-11743820686.310450 -506143705835.828003 0.000000


472199.987899 30746117.670150 0.000000
-3055084884.700583 -503221252546.628479 0.000000


446128.460151 30794668.508474 0.000000
5636399261.079983 -500110350382.315247 0.000000


420053.523710 30842650.508111 0.000000
14327377503.353258 -496808667272.089111 0.000000


393985.123548 30890056.649418 0.000000
23014472707.575584 -493313856023.203247 0.000000


367933.581796 30936879.870475 0.000000
31694179125.679440 -489623556446.015747 0.000000


341909.615286 30983113.073873 0.000000
40362856428.850685 -485735397764.926819 0.000000


315924.353819 31028749.134411 0.000000
49016723494.533134 -481647001343.099915 0.000000


289989.359177 31073780.907770 0.000000
57651851943.334335 -477355983751.324585 0.000000


264116.644891 31118201.240279 0.000000
66264159422.604385 -472859960214.019043 0.000000


238318.696774 31162002.979849 0.000000
74849402634.808777 -468156548468.195496 0.000000


212608.494220 31205178.988224 0.000000
83403170110.454834 -463243373074.231384 0.000000


186999.532262 31247722.154627 0.000000
91920874727.303879 -458118070220.500000 0.000000


161505.844397 31289625.410972 0.000000
100397745979.957367 -452778293067.318542 0.000000


136142.026142 31330881.748756 0.000000
108828822006.700378 -447221717679.263367 0.000000


110923.259305 31371484.237800 0.000000
117208941383.781738 -441446049598.669800 0.000000


85865.336937 31411426.046991 0.000000
125532734701.176605 -435449031117.064575 0.000000


60984.688916 31450700.467214 0.000000
133794615938.389587 -429228449305.345825 0.000000


36298.408088 31489300.936649 0.000000
141988773664.099396 -422782144867.695679 0.000000


11824.276903 31527221.068651 0.000000
150109162089.510132 -416108021888.440857 0.000000


-12419.205563 31564454.682407 0.000000
158149492012.260101 -409204058545.305908 0.000000


-36412.796331 31600995.836614 0.000000
166103221695.751373 -402068318866.658203 0.000000


-60136.481113 31636838.866406 0.000000
173963547737.916840 -394698965614.326416 0.000000


-83569.446975 31671978.423791 0.000000
181723395993.853790 -387094274377.268921 0.000000


-106690.055272 31706409.521841 0.000000
189375412628.545929 -379252648964.625732 0.000000


-129475.815094 31740127.582925 0.000000
196911955389.192535 -371172638189.331421 0.000000


-151903.357530 31773128.491252 0.000000
204325085201.583679 -362852954135.282776 0.000000


-173948.411077 31805408.650000 0.000000
211606558211.616638 -354292492001.786133 0.000000


-195585.778585 31836965.043323 0.000000
218747818411.538269 -345490351618.353333 0.000000


-216789.316184 31867795.303501 0.000000
225739991010.898407 -336445860720.516479 0.000000


-237531.914724 31897897.783510 0.000000
232573876734.552521 -327158600072.781006 0.000000


-257785.484280 31927271.635247 0.000000
239239947254.356567 -317628430517.655212 0.000000


-277520.942406 31955916.893652 0.000000
245728341987.391876 -307855522019.354614 0.000000


-296708.206869 31983834.566891 0.000000
252028866521.500488 -297840384756.669800 0.000000


-315316.193687 32011026.732754 0.000000
258130992958.361389 -287583902300.951538 0.000000


-333312.821388 32037496.641336 0.000000
264023862494.928070 -277087366891.477539 0.000000


-350665.022504 32063248.823994 0.000000
269696290595.257263 -266352516790.858490 0.000000


-367338.763397 32088289.208483 0.000000
275136775135.884277 -255381575666.813171 0.000000


-383299.073614 32112625.240038 0.000000
280333507938.021729 -244177293902.801056 0.000000


-398510.086055 32136266.008041 0.000000
285274390127.802979 -232742991687.868256 0.000000


-412935.089316 32159222.377738 0.000000
289947051790.112610 -221082603674.960785 0.000000


-426536.593635 32181507.126260 0.000000
294338876400.480652 -209200724926.339081 0.000000


-439276.411908 32203135.082003 0.000000
298437030530.984131 -197102657784.270874 0.000000


-451115.757278 32224123.266132 0.000000
302228499327.678345 -184794459214.876312 0.000000


-462015.358779 32244491.034728 0.000000
305700128246.044189 -172282988073.268036 0.000000


-471935.596452 32264260.219736 0.000000
308838671504.269714 -159575951629.935211 0.000000


-480836.657253 32283455.266592 0.000000
311630847668.683960 -146681950583.308197 0.000000


-488678.712922 32302103.366004 0.000000
314063402718.027893 -133610521664.073105 0.000000


-495422.120691 32320234.577034 0.000000
316123180840.283142 -120372176816.486938 0.000000


-501027.647450 32337881.938257 0.000000
317797203094.579651 -106978437825.129776 0.000000


-505456.717545 32355081.563430 0.000000
319072753918.968750 -93441865147.782089 0.000000


-508671.683872 32371872.717822 0.000000
319937475281.197876 -79776079623.114746 0.000000


-510636.121373 32388297.871083 0.000000
320379468053.992615 -65995775653.322166 0.000000


-511315.141294 32404402.722393 0.000000
320387399950.393311 -52116724425.240936 0.000000


-510675.723835 32420236.193564 0.000000
319950619082.178284 -38155765737.880623 0.000000


-508687.065931 32435850.385870 0.000000
319059271911.586060 -24130787058.650661 0.000000


-505320.940029 32451300.496605 0.000000
317704424062.394714 -10060688543.243351 0.000000


-500552.058800 32466644.691832 0.000000
315878182152.724182 4034667067.961135 0.000000


-494358.439827 32481943.932382 0.000000
313573814523.171997 18134520516.384083 0.000000


-486721.763500 32497261.751062 0.000000
310785868476.810547 32217298575.191170 0.000000


-477627.716619 32512663.980051 0.000000
307510281440.424438 46260713216.058372 0.000000


-467066.313709 32528218.428737 0.000000
303744483317.862061 60241877078.262199 0.000000


-455032.187742 32543994.513676 0.000000
299487487254.292664 74137434429.977448 0.000000


-441524.841950 32560062.843866 0.000000
294739966079.771362 87923706286.513535 0.000000


-426548.854746 32576494.766159 0.000000
289504311862.871155 101576847818.541473 0.000000


-410114.030410 32593361.877189 0.000000
283784676285.512024 115073015671.895859 0.000000


-392235.489232 32610735.509655 0.000000
277586989946.661316 128388542358.134583 0.000000


-372933.692147 32628686.202112 0.000000
270918959205.554901 141500114490.597046 0.000000


-352234.396563 32647283.162392 0.000000
263790039766.717224 154384951360.785614 0.000000


-330168.541939 32666593.735470 0.000000
256211386864.185211 167020980196.319305 0.000000


-306772.065717 32686682.886804 0.000000
248195782589.877991 179387004429.346039 0.000000


-282085.652283 32707612.712037 0.000000
239757541596.154480 191462861439.398956 0.000000


-256154.419629 32729441.983279 0.000000
230912397049.319397 203229566513.932281 0.000000


-229027.550253 32752225.741194 0.000000
221677369285.027008 214669440180.275024 0.000000


-200757.874383 32776014.940672 0.000000
212070620088.634552 225766216582.912933 0.000000


-171401.414883 32800856.156184 0.000000
202111295870.966644 236505131181.347229 0.000000


-141016.904017 32826791.351043 0.000000
191819363218.668274 246872986693.255432 0.000000


-109665.282643 32853857.712798 0.000000
181215440363.757599 256858196870.510437 0.000000


-77409.192440 32882087.555011 0.000000
170320628043.822388 266450808338.052277 0.000000


-44312.471299 32911508.283827 0.000000
159156343025.507294 275642501317.469116 0.000000


-10439.661293 32942142.426061 0.000000
147744157259.119232 284426570573.787903 0.000000


24144.462424 32974007.714109 0.000000
136105645245.475464 292797888347.617859 0.000000


59375.334712 33007117.221881 0.000000
124262241753.942734 300752851355.038940 0.000000


95189.009792 33041479.545148 0.000000
112235111559.479446 308289314151.330872 0.000000


131522.532582 33077099.019207 0.000000
100045032391.126251 315406511265.116333 0.000000


168314.269119 33113975.966593 0.000000
87712291826.305237 322104970525.374573 0.000000


205504.194538 33152106.967641 0.000000
75256598441.833466 328386419937.566345 0.000000


243034.138237 33191485.146997 0.000000
62697007156.476906 334253690331.710449 0.000000


280847.986943 33232100.469691 0.000000
50051858379.306145 339710615820.584900 0.000000


318891.847245 33273940.040953 0.000000
37338730316.949097 344761933886.042725 0.000000


357114.169851 33316988.404692 0.000000
24574403591.289658 349413186670.367554 0.000000


395465.838370 33361227.836277 0.000000
11774837174.526354 353670624800.531738 0.000000


433900.225735 33406638.625998 0.000000
-1044845444.087297 357541114826.892212 0.000000


472373.221627 33453199.350339 0.000000
-13870360992.327475 361032051122.721313 0.000000


510843.234314 33500887.128834 0.000000
-26688263190.514339 364151272873.222046 0.000000


549271.170302 33549677.864955 0.000000
-39485932685.659996 366906986586.456665 0.000000


587620.395087 33599546.469962 0.000000
-52251561213.565285 369307694386.250244 0.000000


625856.678133 33650467.069211 0.000000
-64974130992.283401 371362128199.457642 0.000000


663948.124947 33702413.190732 0.000000
-77643390272.222946 373079189826.656372 0.000000


701865.098934 33755357.936309 0.000000
-90249825882.704330 374467896785.135681 0.000000


739580.135387 33809274.135487 0.000000
-102784633526.098099 375537333734.179260 0.000000


777067.849754 33864134.483196 0.000000
-115239686482.023651 376296609232.901489 0.000000


814304.842033 33919911.661802 0.000000
-127607503297.973236 376754817537.935364 0.000000


851269.598890 33976578.448513 0.000000
-139881214960.977325 376921005119.689026 0.000000


887942.394884 34034107.809126 0.000000
-152054531968.792725 376804141559.375000 0.000000


924305.193933 34092472.979156 0.000000
-164121711649.342621 376413094482.400818 0.000000


960341.551976 34151647.533365 0.000000
-176077526014.151306 375756608185.029907 0.000000


996036.521606 34211605.444726 0.000000
-187917230375.377228 374843285618.726318 0.000000


1031376.559274 34272321.133794 0.000000
-199636532906.610474 373681573408.770142 0.000000


1066349.435551 34333769.509453 0.000000
-211231565284.559845 372279749599.282593 0.000000


1100944.148793 34395926.001918 0.000000
-222698854511.692780 370645913834.646667 0.000000


1135150.842464 34458766.588847 0.000000
-234035295988.327759 368787979706.564636 0.000000


1168960.726274 34522267.815336 0.000000
-245238127876.096466 366713669015.947754 0.000000


1202366.001239 34586406.808524 0.000000
-256304906772.569214 364430507718.917969 0.000000


1235359.788669 34651161.287470 0.000000
-267233484698.659149 361945823345.987183 0.000000


1267936.063094 34716509.568907 0.000000
-278021987385.697388 359266743702.643738 0.000000


1300089.589044 34782430.569413 0.000000
-288668793837.348389 356400196677.884155 0.000000


1331815.861613 34848903.804506 0.000000
-299172517132.388062 353352911004.525574 0.000000


1363111.050682 34915909.385092 0.000000
-309531986427.419312 350131417831.320496 0.000000


1393971.948676 34983428.011677 0.000000
-319746230113.507996 346742052981.923462 0.000000


1424395.921713 35051440.966688 0.000000
-329814460077.183044 343190959789.611633 0.000000


1454380.863980 35119930.105215 0.000000
-339736057013.996582 339484092409.355896 0.000000


1483925.155197 35188877.844460 0.000000
-349510556741.649597 335627219520.407166 0.000000


1513027.620995 35258267.152134 0.000000
-359137637459.354675 331625928343.056274 0.000000


1541687.496053 35328081.534006 0.000000
-368617107900.465210 327485628902.703552 0.000000


1569904.389838 35398305.020813 0.000000
-377948896326.297729 323211558482.897278 0.000000


1597678.254789 35468922.154675 0.000000
-387133040310.392700 318808786216.644043 0.000000


1625009.356801 35539917.975159 0.000000
-396169677264.092712 314282217772.119202 0.000000


1651898.247862 35611278.005133 0.000000
-405059035656.183594 309636600094.985840 0.000000


1678345.740700 35682988.236480 0.000000
-413801426881.367981 304876526174.930054 0.000000


1704352.885310 35755035.115805 0.000000
-422397237734.468201 300006439808.799194 0.000000


1729920.947244 35827405.530172 0.000000
-430846923449.435364 295030640336.951721 0.000000


1755051.387528 35900086.792956 0.000000
-439151001264.439880 289953287333.145142 0.000000


1779745.844106 35973066.629869 0.000000
-447310044476.501831 284778405231.553223 0.000000


1804006.114700 36046333.165182 0.000000
-455324676951.266357 279509887877.363892 0.000000


1827834.140980 36119874.908204 0.000000
-463195568055.620239 274151502989.909302 0.000000


1851231.993971 36193680.740036 0.000000
-470923427982.869019 268706896529.455261 0.000000


1874201.860576 36267739.900619 0.000000
-478509003442.138733 263179596960.669312 0.000000


1896746.031165 36342041.976106 0.000000
-485953073685.524170 257573019407.423523 0.000000


1918866.888137 36416576.886569 0.000000
-493256446848.278748 251890469695.001648 0.000000


1940566.895378 36491334.874040 0.000000
-500419956579.017395 246135148276.995209 0.000000


1961848.588567 36566306.490908 0.000000
-507444458938.493225 240310154045.213593 0.000000


1982714.566251 36641482.588664 0.000000
-514330829547.005127 234418488021.820648 0.000000


2003167.481636 36716854.307004 0.000000
-521079960961.899475 228463056933.662415 0.000000


2023210.035053 36792413.063277 0.000000
-527692760267.951355 222446676669.385223 0.000000


2042844.967022 36868150.542296 0.000000
-534170146864.645630 216372075620.474335 0.000000


2062075.051896 36944058.686480 0.000000
-540513050435.535706 210241897907.784943 0.000000


2080903.092027 37020129.686349 0.000000
-546722409085.936646 204058706495.499603 0.000000


2099331.912414 37096355.971345 0.000000
-552799167636.215210 197824986194.741241 0.000000


2117364.355808 37172730.200988 0.000000
-558744276058.877563 191543146559.306335 0.000000


2135003.278221 37249245.256342 0.000000
-564558688048.526489 185215524676.167328 0.000000


2152251.544828 37325894.231805 0.000000
-570243359714.569702 178844387853.534454 0.000000


2169112.026215 37402670.427190 0.000000
-575799248387.316650 172431936209.369385 0.000000


2185587.594961 37479567.340106 0.000000
-581227311528.794678 165980305163.313751 0.000000


2201681.122515 37556578.658626 0.000000
-586528505740.268433 159491567835.038788 0.000000


2217395.476357 37633698.254230 0.000000
-591703785859.043701 152967737352.040833 0.000000


2232733.517417 37710920.175008 0.000000
-596754104137.694336 146410769069.907990 0.000000


2247698.097722 37788238.639133 0.000000
-601680409499.367798 139822562708.065338 0.000000


2262292.058276 37865648.028576 0.000000
-606483646863.300293 133204964403.975479 0.000000


2276518.227135 37943142.883059 0.000000
-611164756535.115479 126559768688.728668 0.000000


2290379.417664 38020717.894249 0.000000
-615724673656.889526 119888720386.904831 0.000000


2303878.426978 38098367.900161 0.000000
-620164327712.342041 113193516443.530273 0.000000


2317018.034532 38176087.879792 0.000000
-624484642082.866821 106475807680.886505 0.000000


2329801.000863 38253872.947946 0.000000
-628686533650.433472 99737200487.858368 0.000000


2342230.066459 38331718.350265 0.000000
-632770912443.695923 92979258444.434723 0.000000


2354307.950768 38409619.458456 0.000000
-636738681323.918335 86203503883.899033 0.000000


2366037.351303 38487571.765687 0.000000
-640590735707.584839 79411419395.168854 0.000000


2377420.942866 38565570.882171 0.000000
-644327963322.796021 72604449267.664337 0.000000


2388461.376865 38643612.530917 0.000000
-647951243996.775269 65784000881.006882 0.000000


2399161.280717 38721692.543636 0.000000
-651461449472.009644 58951446041.769264 0.000000


2409523.257341 38799806.856813 0.000000
-654859443248.734741 52108122269.420456 0.000000


2419549.884721 38877951.507918 0.000000
-658146080451.651733 45255334033.530388 0.000000


2429243.715537 38956122.631771 0.000000
-661322207718.917969 38394353944.223457 0.000000


2438607.276870 39034316.457032 0.000000
-664388663111.605591 31526423897.794720 0.000000


2447643.069953 39112529.302836 0.000000
-667346276041.955566 24652756179.329021 0.000000


2456353.569984 39190757.575541 0.000000
-670195867218.885498 17774534524.092129 0.000000


2464741.225990 39268997.765611 0.000000
-672938248609.321167 10892915139.392958 0.000000


2472808.460727 39347246.444602 0.000000
-675574223414.035156 4009027688.548504 0.000000


2480557.670636 39425500.262266 0.000000
-678104586056.771729 -2876023761.482492 0.000000


2487991.225820 39503755.943765 0.000000
-680530122185.533447 -9761159827.294680 0.000000


2495111.470072 39582010.286977 0.000000
-682851608684.987915 -16645324929.618814 0.000000


2501920.720924 39660260.159912 0.000000
-685069813699.033447 -23527486445.910137 0.000000


2508421.269732 39738502.498213 0.000000
-687185496662.636841 -30406633893.617565 0.000000


2514615.381781 39816734.302751 0.000000
-689199408342.121582 -37281778142.863823 0.000000


2520505.296418 39894952.637306 0.000000
-691112290883.151733 -44151950657.319595 0.000000


2526093.227212 39973154.626331 0.000000
-692924877865.710571 -51016202762.105675 0.000000


2531381.362120 40051337.452795 0.000000
-694637894365.431152 -57873604937.605919 0.000000


2536371.863689 40129498.356100 0.000000
-696252057020.681885 -64723246138.120819 0.000000


2541066.869257 40207634.630076 0.000000
-697768074104.859985 -71564233134.336548 0.000000


2545468.491183 40285743.621041 0.000000
-699186645603.385986 -78395689878.627426 0.000000


2549578.817082 40363822.725933 0.000000
-700508463294.934326 -85216756892.251297 0.000000


2553399.910075 40441869.390497 0.000000
-701734210836.468018 -92026590673.536942 0.000000


2556933.809049 40519881.107548 0.000000
-702864563851.685547 -98824363126.200562 0.000000


2560182.528928 40597855.415280 0.000000
-703900190022.512817 -105609261006.964828 0.000000


2563148.060950 40675789.895640 0.000000
-704841749183.308228 -112380485391.688751 0.000000


2565832.372955 40753682.172748 0.000000
-705689893417.471191 -119137251159.250107 0.000000


2568237.409678 40831529.911382 0.000000
-706445267156.173828 -125878786492.453674 0.000000


2570365.093047 40909330.815500 0.000000
-707108507278.955200 -132604332395.269363 0.000000


2572217.322487 40987082.626818 0.000000
-707680243215.941162 -139313142225.733276 0.000000


2573795.975232 41064783.123428 0.000000
-708161097051.473511 -146004481243.872650 0.000000


2575102.906633 41142430.118470 0.000000
-708551683628.947754 -152677626174.042053 0.000000


2576139.950478 41220021.458833 0.000000
-708852610656.680054 -159331864781.084167 0.000000


2576908.919310 41297555.023908 0.000000
-709064478814.636230 -165966495459.752136 0.000000


2577411.604745 41375028.724375 0.000000
-709187881861.872925 -172580826836.854156 0.000000


2577649.777803 41452440.501025 0.000000
-709223406744.554932 -179174177385.602905 0.000000


2577625.189223 41529788.323626 0.000000
-709171633704.422852 -185745875051.674072 0.000000


2577339.569796 41607070.189813 0.000000
-709033136387.600708 -192295256890.497803 0.000000


2576794.630691 41684284.124019 0.000000
-708808481953.641235 -198821668715.326569 0.000000


2575992.063779 41761428.176435 0.000000
-708498231184.719116 -205324464755.641724 0.000000


2574933.541963 41838500.421997 0.000000
-708102938594.890381 -211803007325.478210 0.000000


2573620.719507 41915498.959411 0.000000
-707623152539.345581 -218256666501.263824 0.000000


2572055.232359 41992421.910196 0.000000
-707059415323.593140 -224684819808.785645 0.000000


2570238.698486 42069267.417759 0.000000
-706412263312.515503 -231086851918.911774 0.000000


2568172.718193 42146033.646497 0.000000
-705682227039.250366 -237462154351.710693 0.000000


2565858.874454 42222718.780917 0.000000
-704869831313.853394 -243810125188.624939 0.000000


2563298.733237 42299321.024790 0.000000
-703975595331.705688 -250130168792.369202 0.000000


2560493.843828 42375838.600318 0.000000
-703000032781.636841 -256421695534.235474 0.000000


2557445.739154 42452269.747327 0.000000
-701943651953.737061 -262684121528.500519 0.000000


2554155.936109 42528612.722482 0.000000
-700806955846.839233 -268916868373.641602 0.000000


2550625.935874 42604865.798521 0.000000
-699590442275.654785 -275119362900.079346 0.000000


2546857.224235 42681027.263503 0.000000
-698294603977.552612 -281291036924.174683 0.000000


2542851.271910 42757095.420087 0.000000
-696919928718.975342 -287431327008.219788 0.000000


2538609.534860 42833068.584813 0.000000
-695466899401.487549 -293539674226.170349 0.000000


2534133.454612 42908945.087412 0.000000
-693935994167.459229 -299615523934.876343 0.000000


2529424.458572 42984723.270128 0.000000
-692327686505.386841 -305658325550.579041 0.000000


2524483.960344 43060401.487049 0.000000
-690642445354.859863 -311667532330.446960 0.000000


2519313.360040 43135978.103470 0.000000
-688880735211.184204 -317642601158.935181 0.000000


2513914.044598 43211451.495247 0.000000
-687043016229.673462 -323582992338.757324 0.000000


2508287.388091 43286820.048186 0.000000
-685129744329.626465 -329488169386.268799 0.000000


2502434.752038 43362082.157430 0.000000
-683141371298.008057 -335357598831.065186 0.000000


2496357.485720 43437236.226865 0.000000
-681078344892.854858 -341190750019.608276 0.000000


2490056.926482 43512280.668539 0.000000
-678941108946.429565 -346987094922.696472 0.000000


2483534.400048 43587213.902088 0.000000
-676730103468.148682 -352746107946.604248 0.000000


2476791.220829 43662034.354175 0.000000
-674445764747.312134 -358467265747.719910 0.000000


2469828.692227 43736740.457938 0.000000
-672088525455.665039 -364150047050.517456 0.000000


2462648.106947 43811330.652452 0.000000
-669658814749.822144 -369793932468.702393 0.000000


2455250.747300 43885803.382193 0.000000
-667157058373.590820 -375398404329.377747 0.000000


2447637.885514 43960157.096517 0.000000
-664583678760.226196 -380962946500.080139 0.000000


2439810.784038 44034390.249145 0.000000
-661939095134.657959 -386487044218.541382 0.000000


2431770.695850 44108501.297658 0.000000
-659223723615.727051 -391970183925.034729 0.000000


2423518.864761 44182488.702992 0.000000
-656437977318.474365 -397411853097.169495 0.000000


2415056.525726 44256350.928954 0.000000
-653582266456.523804 -402811540087.001282 0.000000


2406384.905150 44330086.441731 0.000000
-650656998444.604614 -408168733960.329590 0.000000


2397505.221194 44403693.709410 0.000000
-647662578001.260010 -413482924338.057373 0.000000


2388418.684084 44477171.201511 0.000000
-644599407251.790039 -418753601239.491333 0.000000


2379126.496424 44550517.388516 0.000000
-641467885831.478394 -423980254927.464355 0.000000


2369629.853499 44623730.741404 0.000000
-638268410989.155640 -429162375755.164795 0.000000


2359929.943594 44696809.731201 0.000000
-635001377691.152100 -434299454014.560974 0.000000


2350027.948302 44769752.828521 0.000000
-631667178725.695435 -439390979786.310974 0.000000


2339925.042838 44842558.503122 0.000000
-628266204807.811401 -444436442791.051208 0.000000


2329622.396355 44915225.223459 0.000000
-624798844684.784912 -449435332241.959900 0.000000


2319121.172264 44987751.456247 0.000000
-621265485242.244629 -454387136698.493896 0.000000


2308422.528548 45060135.666019 0.000000
-617666511610.931641 -459291343921.198792 0.000000


2297527.618089 45132376.314696 0.000000
-614002307274.220093 -464147440727.496338 0.000000


2286437.588986 45204471.861155 0.000000
-610273254176.453491 -468954912848.353333 0.000000


2275153.584888 45276420.760798 0.000000
-606479732832.168457 -473713244785.739624 0.000000


2263676.745317 45348221.465128 0.000000
-602622122436.276123 -478421919670.783569 0.000000


2252008.206002 45419872.421322 0.000000
-598700800975.274414 -483080419122.536438 0.000000


2240149.099218 45491372.071813 0.000000
-594716145339.568115 -487688223107.257385 0.000000


2228100.554119 45562718.853861 0.000000
-590668531436.974365 -492244809798.134338 0.000000


2215863.697083 45633911.199138 0.000000
-586558334307.493896 -496749655435.355042 0.000000


2203439.652058 45704947.533310 0.000000
-582385928239.433228 -501202234186.446716 0.000000


2190829.540915 45775826.275611 0.000000
-578151686886.961914 -505602018006.802612 0.000000


2178034.483798 45846545.838435 0.000000
-573855983389.194824 -509948476500.314941 0.000000


2165055.599487 45917104.626907 0.000000
-569499190490.891724 -514241076780.036438 0.000000


2151894.005763 45987501.038475 0.000000
-565081680664.867676 -518479283328.792175 0.000000


2138550.819775 46057733.462485 0.000000
-560603826236.213867 -522662557859.665955 0.000000


2125027.158418 46127800.279763 0.000000
-556065999508.429565 -526790359176.286377 0.000000


2111324.138716 46197699.862200 0.000000
-551468572891.569702 -530862143032.837769 0.000000


2097442.878202 46267430.572326 0.000000
-546811919032.517273 -534877361993.723938 0.000000


2083384.495323 46336990.762891 0.000000
-542096410947.492371 -538835465292.812378 0.000000


2069150.109833 46406378.776442 0.000000
-537322422156.913696 -542735898692.188416 0.000000


2054740.843201 46475592.944898 0.000000
-532490326822.733459 -546578104340.349060 0.000000


2040157.819035 46544631.589125 0.000000
-527600499888.369690 -550361520629.767944 0.000000


2025402.163496 46613493.018505 0.000000
-522653317221.365051 -554085582053.763672 0.000000


2010475.005736 46682175.530507 0.000000
-517649155758.905457 -557749719062.603760 0.000000


1995377.478338 46750677.410255 0.000000
-512588393656.337830 -561353357918.779541 0.000000


1980110.717764 46818996.930091 0.000000
-507471410438.830078 -564895920551.385376 0.000000


1964675.864820 46887132.349137 0.000000
-502298587156.321899 -568376824409.540039 0.000000


1949074.065119 46955081.912856 0.000000
-497070306541.921875 -571795482314.785522 0.000000


1933306.469567 47022843.852603 0.000000
-491786953173.910706 -575151302312.402222 0.000000


1917374.234853 47090416.385181 0.000000
-486448913641.516785 -578443687521.579590 0.000000


1901278.523950 47157797.712389 0.000000
-481056576714.638184 -581672035984.382202 0.000000


1885020.506635 47224986.020567 0.000000
-475610333517.689026 -584835740513.453003 0.000000


1868601.360012 47291979.480136 0.000000
-470110577707.758179 -587934188538.395386 0.000000


1852022.269055 47358776.245136 0.000000
-464557705657.273560 -590966761950.780029 0.000000


1835284.427165 47425374.452758 0.000000
-458952116641.373718 -593932836947.719727 0.000000


1818389.036737 47491772.222876 0.000000
-453294213030.196533 -596831783873.960205 0.000000


1801337.309745 47557967.657565 0.000000
-447584400486.302490 -599662967062.435547 0.000000


1784130.468342 47623958.840627 0.000000
-441823088167.460083 -602425744673.237549 0.000000


1766769.745478 47689743.837098 0.000000
-436010688935.028748 -605119468530.952515 0.000000


1749256.385532 47755320.692766 0.000000
-430147619568.185425 -607743483960.317749 0.000000


1731591.644965 47820687.433669 0.000000
-424234300984.249817 -610297129620.156006 0.000000


1713776.792990 47885842.065594 0.000000
-418271158465.375732 -612779737335.545044 0.000000


1695813.112262 47950782.573577 0.000000
-412258621891.884949 -615190631928.184692 0.000000


1677701.899588 48015506.921385 0.000000
-406197125982.532959 -617529131044.924805 0.000000


1659444.466659 48080013.051002 0.000000
-400087110542.007751 -619794544984.421997 0.000000


1641042.140804 48144298.882104 0.000000
-393929020715.975403 -621986176521.894897 0.000000


1622496.265765 48208362.311533 0.000000
-387723307253.999390 -624103320731.952881 0.000000


1603808.202501 48272201.212760 0.000000
-381470426780.675232 -626145264809.477051 0.000000


1584979.330010 48335813.435348 0.000000
-375170842075.335815 -628111287888.533691 0.000000


1566011.046186 48399196.804402 0.000000
-368825022360.698181 -630000660859.310791 0.000000


1546904.768695 48462349.120019 0.000000
-362433443600.839172 -631812646183.067749 0.000000


1527661.935886 48525268.156729 0.000000
-355996588808.903931 -633546497705.097168 0.000000


1508284.007728 48587951.662931 0.000000
-349514948364.967712 -635201460465.704102 0.000000


1488772.466779 48650397.360326 0.000000
-342989020344.492004 -636776770509.211914 0.000000


1469128.819188 48712602.943334 0.000000
-336419310857.832825 -638271654691.015259 0.000000


1449354.595731 48774566.078520 0.000000
-329806334401.281372 -639685330482.705078 0.000000


1429451.352883 48836284.404002 0.000000
-323150614220.136902 -641017005775.302002 0.000000


1409420.673922 48897755.528860 0.000000
-316452682684.334656 -642265878680.641602 0.000000


1389264.170081 48958977.032533 0.000000
-309713081677.174255 -643431137330.968384 0.000000


1368983.481728 49019946.464224 0.000000
-302932362997.718689 -644511959676.802124 0.000000


1348580.279602 49080661.342282 0.000000
-296111088777.459412 -645507513283.158691 0.000000


1328056.266078 49141119.153593 0.000000
-289249831911.869324 -646416955124.214355 0.000000


1307413.176489 49201317.352961 0.000000
-282349176507.493469 -647239431376.521240 0.000000


1286652.780488 49261253.362485 0.000000
-275409718345.256470 -647974077210.897461 0.000000


1265776.883467 49320924.570934 0.000000
-268432065360.696045 -648620016583.129517 0.000000


1244787.328022 49380328.333116 0.000000
-261416838141.863678 -649176362023.646606 0.000000


1223685.995472 49439461.969248 0.000000
-254364670445.667389 -649642214426.345459 0.000000


1202474.807440 49498322.764317 0.000000
-247276209733.465698 -650016662836.766724 0.000000


1181155.727490 49556907.967449 0.000000
-240152117726.758698 -650298784239.847534 0.000000


1159730.762819 49615214.791269 0.000000
-232993070983.860107 -650487643347.501099 0.000000


1138201.966028 49673240.411265 0.000000
-225799761498.473816 -650582292386.303833 0.000000


1116571.436945 49730981.965149 0.000000
-218572897321.140137 -650581770885.600098 0.000000


1094841.324528 49788436.552226 0.000000
-211313203204.559875 -650485105466.367554 0.000000


1073013.828839 49845601.232761 0.000000
-204021421273.849823 -650291309631.225220 0.000000


1051091.203089 49902473.027347 0.000000
-196698311722.830261 -649999383556.002686 0.000000


1029075.755772 49959048.916291 0.000000
-189344653537.493774 -649608313883.334229 0.000000


1006969.852875 50015325.838990 0.000000
-181961245247.856293 -649117073518.786865 0.000000


984775.920176 50071300.693330 0.000000
-174548905709.443817 -648524621430.082642 0.000000


962496.445639 50126970.335083 0.000000
-167108474915.723755 -647829902450.028931 0.000000


940133.981896 50182331.577328 0.000000
-159640814842.847076 -647031847083.833618 0.000000


917691.148830 50237381.189878 0.000000
-152146810328.126984 -646129371321.540771 0.000000


895170.636267 50292115.898724 0.000000
-144627369983.741272 -645121376456.398926 0.000000


872575.206767 50346532.385504 0.000000
-137083427147.209671 -644006748910.044800 0.000000


849907.698536 50400627.286984 0.000000
-129515940870.262848 -642784360065.471436 0.000000


827171.028451 50454397.194576 0.000000
-121925896947.788498 -641453066108.836182 0.000000


804368.195208 50507838.653875 0.000000
-114314308988.609375 -640011707881.263428 0.000000


781502.282599 50560948.164230 0.000000
-106682219529.920654 -638459110741.899658 0.000000


758576.462925 50613722.178353 0.000000
-99030701197.287827 -636794084443.594238 0.000000


735594.000544 50666157.101967 0.000000
-91360857912.181931 -635015423022.700439 0.000000


712558.255570 50718249.293497 0.000000
-83673826149.106339 -633121904704.628418 0.000000


689472.687718 50769995.063812 0.000000
-75970776244.447845 -631112291826.921753 0.000000


666340.860313 50821390.676025 0.000000
-68252913759.264435 -628985330781.791382 0.000000


643166.444461 50872432.345349 0.000000
-60521480898.302696 -626739751980.206055 0.000000


619953.223392 50923116.239028 0.000000
-52777757987.618385 -624374269839.825317 0.000000


596705.096986 50973438.476336 0.000000
-45023065013.254494 -621887582799.258667 0.000000


573426.086482 51023395.128662 0.000000
-37258763223.511215 -619278373361.351929 0.000000


550120.339382 51072982.219690 0.000000
-29486256797.420662 -616545308168.431763 0.000000


526792.134561 51122195.725674 0.000000
-21706994582.115986 -613687038112.695190 0.000000


503445.887583 51171031.575824 0.000000
-13922471901.858131 -610702198485.202271 0.000000


480086.156243 51219485.652820 0.000000
-6134232441.553000 -607589409167.223511 0.000000


456717.646326 51267553.793448 0.000000
1656129792.343816 -604347274868.014771 0.000000


433345.217616 51315231.789394 0.000000
9446968430.579742 -600974385413.436401 0.000000


409973.890139 51362515.388186 0.000000
17236582616.510906 -597469316090.202393 0.000000


386608.850667 51409400.294319 0.000000
25023214795.116802 -593830628050.949829 0.000000


363255.459483 51455882.170568 0.000000
32805048412.552643 -590056868785.749878 0.000000


339919.257422 51501956.639506 0.000000
40580205523.155365 -586146572666.147339 0.000000


316605.973189 51547619.285257 0.000000
48346744300.823837 -582098261568.319214 0.000000


293321.530976 51592865.655487 0.000000
56102656451.718956 -577910445582.484009 0.000000


270072.058372 51637691.263673 0.000000
63845864525.278435 -573581623816.272095 0.000000


246863.894585 51682091.591663 0.000000
71574219120.618286 -569110285300.396362 0.000000


223703.598989 51726062.092556 0.000000
79285495985.503159 -564494910005.628662 0.000000


200597.959982 51769598.193931 0.000000
86977393005.215179 -559733969980.812012 0.000000


177554.004196 51812695.301454 0.000000
94647527078.843079 -554825930622.401855 0.000000


154579.006035 51855348.802898 0.000000
102293430880.754822 -549769252086.861694 0.000000


131680.497564 51897554.072604 0.000000
109912549505.317215 -544562390858.108765 0.000000


108866.278757 51939306.476436 0.000000
117502236993.291534 -539203801483.151001 0.000000


86144.428091 51980601.377250 0.000000
125059752738.776001 -533691938490.048584 0.000000


63523.313508 52021434.140945 0.000000
132582257776.092850 -528025258503.393738 0.000000


41011.603736 52061800.143118 0.000000
140066810946.643066 -522202222573.625549 0.000000


18618.279963 52101694.776394 0.000000
147510364946.487061 -516221298737.676758 0.000000


-3647.352124 52141113.458478 0.000000
154909762256.269958 -510080964829.701050 0.000000


-25775.649956 52180051.640981 0.000000
162261730956.111450 -503779711561.933167 0.000000


-47756.621360 52218504.819094 0.000000
169562880429.239716 -497316045897.103760 0.000000


-69579.911508 52256468.542167 0.000000
176809696959.485687 -490688494735.250183 0.000000


-91234.789554 52293938.425270 0.000000
183998539229.290802 -483895608939.236206 0.000000


-112710.134993 52330910.161803 0.000000
191125633726.637939 -476935967724.802063 0.000000


-133994.423753 52367379.537246 0.000000
198187070071.321075 -469808183442.508484 0.000000


-155075.714068 52403342.444125 0.000000
205178796273.246033 -462510906780.494202 0.000000


-175941.632168 52438794.898284 0.000000
212096613938.037323 -455042832418.522217 0.000000


-196579.357836 52473733.056560 0.000000
218936173438.138763 -447402705165.321838 0.000000


-216975.609892 52508153.235958 0.000000
225692969070.877289 -439589326612.717041 0.000000


-237116.631677 52542051.934430 0.000000
232362334228.638916 -431601562341.431396 0.000000


-256988.176613 52575425.853353 0.000000
238939436610.421234 -423438349714.738831 0.000000


-276575.493937 52608271.921843 0.000000
245419273508.612091 -415098706297.241028 0.000000


-295863.314717 52640587.322984 0.000000
251796667209.936218 -406581738936.937317 0.000000


-314835.838275 52672369.522118 0.000000
258066260555.142761 -397886653549.352661 0.000000


-333476.719161 52703616.297290 0.000000
264222512708.210663 -389012765642.720276 0.000000


-351769.054836 52734325.771982 0.000000
270259695192.653107 -379959511622.995056 0.000000


-369695.374256 52764496.450241 0.000000
276171888259.929749 -370726460916.696350 0.000000


-387237.627555 52794127.254313 0.000000
281952977663.040222 -361313328948.132202 0.000000


-404377.177061 52823217.564896 0.000000
287596651917.078918 -351719991005.304260 0.000000


-421094.789916 52851767.264109 0.000000
293096400137.869446 -341946497025.592346 0.000000


-437370.632562 52879776.781257 0.000000
298445510559.738342 -331993087328.001343 0.000000


-453184.267443 52907247.141474 0.000000
303637069843.984375 -321860209313.139954 0.000000


-468514.652250 52934180.017291 0.000000
308663963300.567444 -311548535144.998352 0.000000


-483340.142103 52960577.783162 0.000000
313518876156.879944 -301058980419.783203 0.000000


-497638.495092 52986443.572949 0.000000
318194296019.008240 -290392723816.334534 0.000000


-511386.881623 53011781.340323 0.000000
322682516682.458984 -279551227709.759949 0.000000


-524561.898058 53036595.922020 0.000000
326975643460.650818 -268536259714.638458 0.000000


-537139.585184 53060893.103808 0.000000
331065600210.250610 -257349915106.251587 0.000000


-549095.452039 53084679.688992 0.000000
334944138242.279602 -245994640047.569702 0.000000


-560404.505696 53107963.569197 0.000000
338602847316.368103 -234473255525.981842 0.000000


-571041.287601 53130753.797114 0.000000
342033168922.061890 -222788981876.861572 0.000000


-580979.917077 53153060.660783 0.000000
345226412055.052734 -210945463740.933472 0.000000


-590194.142635 53174895.758911 0.000000
348173771696.908081 -198946795269.048767 0.000000


-598657.401695 53196272.076619 0.000000
350866350203.524231 -186797545351.512939 0.000000


-606342.889343 53217204.060872 0.000000
353295181799.253357 -174502782609.781067 0.000000


-613223.636676 53237707.694771 0.000000
355451260359.540771 -162068099846.573120 0.000000


-619272.599274 53257800.569702 0.000000
357325570643.998535 -149499637606.876923 0.000000


-624462.756228 53277501.954258 0.000000
358909123113.180359 -136804106457.750839 0.000000


-628767.220083 53296832.858671 0.000000
360192992425.004028 -123988807550.413193 0.000000


-632159.357910 53315816.093389 0.000000
361168359659.979797 -111061650985.193100 0.000000


-634612.923580 53334476.320303 0.000000
361826558267.509277 -98031171460.184647 0.000000


-636102.201113 53352840.094995 0.000000
362159123658.127014 -84906540649.849854 0.000000


-636602.158766 53370935.898325 0.000000
362157846288.606567 -71697575732.573563 0.000000


-636088.613275 53388794.155562 0.000000
361814827998.720093 -58414743468.730003 0.000000


-634538.403381 53406447.241267 0.000000
361122541261.012268 -45069159225.767120 0.000000


-631929.571467 53423929.468119 0.000000
360073890899.732117 -31672580356.798405 0.000000


-628241.551820 53441277.057932 0.000000
358662277724.232971 -18237393366.773380 0.000000


-623455.363670 53458528.093248 0.000000
356881663408.602295 -4776594347.798428 0.000000


-617553.806839 53475722.448019 0.000000
354726635836.644470 8696237765.516632 0.000000


-610521.657500 53492901.696189 0.000000
352192474023.917603 22166975477.458321 0.000000


-602345.861209 53510108.997246 0.000000
349275211631.206055 35620984790.336174 0.000000


-593015.720151 53527388.958232 0.000000
345971698001.893188 49043175143.750862 0.000000


-582523.071277 53544787.472146 0.000000
342279655594.652527 62418057176.969254 0.000000


-570862.451886 53562351.533140 0.000000
338197732648.042603 75729808080.274139 0.000000


-558031.249158 53580129.029533 0.000000
333725549909.845520 88962344111.026550 0.000000


-544029.830144 53598168.516168 0.000000
328863740295.327148 102099399652.961029 0.000000


-528861.648923 53616518.968311 0.000000
323613980407.792969 115124612000.031631 0.000000


-512533.327855 53635229.519807 0.000000
317979012963.025818 128021610856.918457 0.000000


-495054.710263 53654349.188806 0.000000
311962659305.715088 140774111375.553162 0.000000


-476438.882376 53673926.594813 0.000000
305569821388.054321 153366009399.189453 0.000000


-456702.162945 53694009.671257 0.000000
298806472793.443054 165781477470.545593 0.000000


-435864.059635 53714645.378013 0.000000
291679638624.853333 178005060085.194611 0.000000


-413947.192019 53735879.418521 0.000000
284197364329.407837 190021766640.856842 0.000000


-390977.181773 53757755.966119 0.000000
276368673788.312378 201817160550.672241 0.000000


-366982.511461 53780317.404132 0.000000
268203517254.061401 213377443054.636536 0.000000


-341994.353989 53803604.083928 0.000000
259712709954.328583 224689530376.403992 0.000000


-316046.375542 53827654.104817 0.000000
250907862394.327728 235741123028.360321 0.000000


-289174.515374 53852503.119079 0.000000
241801303568.118530 246520766259.806549 0.000000


-261416.746299 53878184.164834 0.000000
232405998427.564850 257017900863.027344 0.000000


-232812.820090 53904727.528745 0.000000
222735461050.862396 267222903790.442963 0.000000


-203404.002209 53932160.639839 0.000000
212803664998.580200 277127118282.840210 0.000000


-173232.800331 53960507.994956 0.000000
202624952344.299225 286722873453.742920 0.000000


-142342.691083 53989791.115659 0.000000
192213942821.771790 296003493508.852295 0.000000


-110777.849207 54020028.535716 0.000000
181585444445.641968 304963296993.863037 0.000000


-78582.883048 54051235.817692 0.000000
170754366844.303314 313597586652.114197 0.000000


-45802.579884 54083425.596656 0.000000
159735638398.624329 321902630630.555847 0.000000


-12481.664130 54116607.648596 0.000000
148544128116.793182 329875635895.423279 0.000000


21335.429055 54150788.980797 0.000000
137194573001.202988 337514714806.707275 0.000000


55604.762738 54185973.941262 0.000000
125701511485.509140 344818845853.617432 0.000000


90283.088317 54222164.344112 0.000000
114079223345.375565 351787829573.827637 0.000000


125328.015774 54259359.607913 0.000000
102341676320.620590 358422240670.607727 0.000000


160698.163624 54297556.903909 0.000000
90502479533.951080 364723377308.012573 0.000000


196353.288492 54336751.311321 0.000000
78574843655.505966 370693208509.637451 0.000000


232254.394674 54376935.977019 0.000000
66571547645.107681 376334320515.735046 0.000000


268363.824326 54418102.277125 0.000000
54504911806.453529 381649862871.311401 0.000000


304645.329204 54460239.978371 0.000000
42386776809.536911 386643494928.464478 0.000000


341064.125090 54503337.397283 0.000000
30228488278.669582 391319333353.539612 0.000000


377586.930173 54547381.555578 0.000000
18040886502.282528 395681901136.940491 0.000000


414181.988762 54592358.330406 0.000000
5834300795.498817 399736078513.366272 0.000000


450819.081756 54638252.598345 0.000000
-6381451964.681565 403487056114.949463 0.000000


487469.525322 54685048.372302 0.000000
-18597065110.966835 406940290600.805481 0.000000


524106.159201 54732728.930707 0.000000
-30803736732.908421 410101462934.900024 0.000000


560703.326018 54781276.938570 0.000000
-42993161449.966591 412976439420.490906 0.000000


597236.842934 54830674.560179 0.000000
-55157519836.571762 415571235543.914673 0.000000


633683.966841 54880903.563334 0.000000
-67289465896.707878 417891982633.075623 0.000000


670023.354287 54931945.415188 0.000000
-79382112954.263336 419944897296.333984 0.000000


706235.017149 54983781.369823 0.000000
-91429018292.634003 421736253575.087463 0.000000


742300.275017 55036392.547829 0.000000
-103424166843.865143 423272357717.588013 0.000000


778201.705146 55089760.008165 0.000000
-115361954194.824997 424559525461.768188 0.000000


813923.090723 55143864.812694 0.000000
-127237169146.164001 425604061700.363159 0.000000


849449.368103 55198688.083765 0.000000
-139044976029.615845 426412242391.711243 0.000000


884766.573610 55254211.055268 0.000000
-150780896960.881104 426990298573.626892 0.000000


919861.790370 55310415.117606 0.000000
-162440794179.121490 427344402335.032166 0.000000


954723.095607 55367281.857006 0.000000
-174020852600.100647 427480654600.026123 0.000000


989339.508744 55424793.089607 0.000000
-185517562688.277161 427405074581.243408 0.000000


1023700.940603 55482930.890756 0.000000
-196927703733.660248 427123590763.240173 0.000000


1057798.143916 55541677.619913 0.000000
-208248327601.908936 426642033281.841431 0.000000


1091622.665351 55601015.941568 0.000000
-219476743010.883453 425966127571.540344 0.000000


1125166.799180 55660928.842529 0.000000
-230610500373.516113 425101489159.862915 0.000000


1158423.542686 55721399.645952 0.000000
-241647377235.310791 424053619494.853149 0.000000


1191386.553397 55782412.022427 0.000000
-252585364324.858307 422827902699.292419 0.000000


1224050.108162 55843949.998441 0.000000
-263422652227.311829 421429603152.775757 0.000000


1256409.064117 55905997.962490 0.000000
-274157618683.656769 419863863810.199341 0.000000


1288458.821514 55968540.669121 0.000000
-284788816512.683716 418135705172.467285 0.000000


1320195.288416 56031563.241122 0.000000
-295314962147.698120 416250024832.221008 0.000000


1351614.847215 56095051.170111 0.000000
-305734924776.045715 414211597524.081604 0.000000


1382714.322938 56158990.315696 0.000000
-316047716066.381714 412025075615.231506 0.000000


1413490.953293 56223366.903410 0.000000
-326252480466.157593 409694989978.127808 0.000000


1443942.360393 56288167.521583 0.000000
-336348486049.941589 407225751192.717163 0.000000


1474066.524105 56353379.117294 0.000000
-346335115897.846130 404621651030.715149 0.000000


