0.010000 0.346413 0.199995 33.948498 19.501476
0.020000 0.685898 0.395009 33.269529 19.013446
0.030000 1.018594 0.585144 32.604138 18.535177
0.040000 1.344635 0.770496 31.952055 18.066474
0.050000 1.664155 0.951160 31.313014 17.607144
0.060000 1.977286 1.127232 30.686754 17.157001
0.070000 2.284153 1.298802 30.073019 16.715861
0.080000 2.584883 1.465960 29.471558 16.283544
0.090000 2.879599 1.628796 28.882127 15.859873
0.100000 3.168420 1.787395 28.304485 15.444676
0.110000 3.451465 1.941841 27.738395 15.037782
0.120000 3.728849 2.092219 27.183627 14.639027
0.130000 4.000685 2.238609 26.639955 14.248246
0.140000 4.267085 2.381092 26.107155 13.865281
0.150000 4.528156 2.519745 25.585012 13.489976
0.160000 4.784006 2.654645 25.073312 13.122176
0.170000 5.034740 2.785866 24.571846 12.761733
0.180000 5.280458 2.913484 24.080409 12.408498
0.190000 5.521262 3.037569 23.598801 12.062328
0.200000 5.757250 3.158192 23.126825 11.723081
0.210000 5.988518 3.275423 22.664288 11.390620
0.220000 6.215161 3.389329 22.211002 11.064807
0.230000 6.437271 3.499977 21.766782 10.745511
0.240000 6.654939 3.607432 21.331447 10.432601
0.250000 6.868254 3.711758 20.904818 10.125949
0.260000 7.077302 3.813018 20.486721 9.825430
0.270000 7.282169 3.911272 20.076987 9.530921
0.280000 7.482939 4.006581 19.675447 9.242303
0.290000 7.679693 4.099004 19.281938 8.959457
0.300000 7.872513 4.188599 18.896300 8.682268
0.310000 8.061476 4.275421 18.518374 8.410622
0.320000 8.246659 4.359528 18.148006 8.144410
0.330000 8.428139 4.440972 17.785046 7.883522
0.340000 8.605990 4.519807 17.429345 7.627851
0.350000 8.780283 4.596085 17.080758 7.377294
0.360000 8.951091 4.669858 16.739143 7.131748
0.370000 9.118482 4.741176 16.404360 6.891113
0.380000 9.282526 4.810087 16.076273 6.655291
0.390000 9.443289 4.876640 15.754747 6.424185
0.400000 9.600836 4.940882 15.439653 6.197702
0.410000 9.755233 5.002859 15.130859 5.975748
0.420000 9.906541 5.062616 14.828242 5.758233
0.430000 10.054824 5.120199 14.531677 5.545068
0.440000 10.200141 5.175649 14.241044 5.336167
0.450000 10.342551 5.229011 13.956223 5.131443
0.460000 10.482113 5.280325 13.677099 4.930814
0.470000 10.618884 5.329633 13.403557 4.734198
0.480000 10.752920 5.376975 13.135485 4.541514
0.490000 10.884275 5.422391 12.872776 4.352684
0.500000 11.013002 5.465917 12.615320 4.167630
0.510000 11.139156 5.507594 12.363014 3.986278
0.520000 11.262786 5.547456 12.115754 3.808552
0.530000 11.383943 5.585542 11.873438 3.634381
0.540000 11.502678 5.621886 11.635970 3.463693
0.550000 11.619037 5.656523 11.403250 3.296420
0.560000 11.733070 5.689487 11.175185 3.132491
0.570000 11.844822 5.720812 10.951682 2.971841
0.580000 11.954339 5.750530 10.732648 2.814404
0.590000 12.061665 5.778674 10.517995 2.660116
0.600000 12.166845 5.805275 10.307635 2.508914
0.610000 12.269921 5.830365 10.101482 2.360736
0.620000 12.370936 5.853972 9.899453 2.215521
0.630000 12.469931 5.876127 9.701464 2.073211
0.640000 12.566945 5.896859 9.507434 1.933746
0.650000 12.662020 5.916197 9.317286 1.797072
0.660000 12.755192 5.934167 9.130940 1.663130
0.670000 12.846502 5.950799 8.948321 1.531867
0.680000 12.935985 5.966117 8.769355 1.403230
0.690000 13.023679 5.980150 8.593968 1.277166
0.700000 13.109618 5.992921 8.422088 1.153622
0.710000 13.193839 6.004458 8.253647 1.032550
0.720000 13.276376 6.014783 8.088574 0.913899
0.730000 13.357261 6.023922 7.926802 0.797621
0.740000 13.436529 6.031898 7.768266 0.683668
0.750000 13.514212 6.038735 7.612901 0.571995
0.760000 13.590341 6.044455 7.460643 0.462555
0.770000 13.664948 6.049081 7.311430 0.355304
0.780000 13.738062 6.052634 7.165201 0.250198
0.790000 13.809714 6.055136 7.021897 0.147194
0.800000 13.879933 6.056607 6.881459 0.046250
0.810000 13.948747 6.057070 6.743830 -0.052675
0.820000 14.016186 6.056543 6.608954 -0.149621
0.830000 14.082275 6.055047 6.476775 -0.244629
0.840000 14.147043 6.052601 6.347239 -0.337736
0.850000 14.210515 6.049223 6.220294 -0.428982
0.860000 14.272718 6.044934 6.095888 -0.518402
0.870000 14.333677 6.039750 5.973971 -0.606034
0.880000 14.393417 6.033689 5.854491 -0.691913
0.890000 14.451962 6.026770 5.737401 -0.776075
0.900000 14.509336 6.019009 5.622653 -0.858554
0.910000 14.565562 6.010424 5.510200 -0.939382
0.920000 14.620664 6.001030 5.399996 -1.018595
0.930000 14.674664 5.990844 5.291996 -1.096223
0.940000 14.727584 5.979882 5.186156 -1.172298
0.950000 14.779446 5.968159 5.082433 -1.246853
0.960000 14.830270 5.955690 4.980785 -1.319915
0.970000 14.880078 5.942491 4.881169 -1.391517
0.980000 14.928890 5.928576 4.783546 -1.461687
0.990000 14.976725 5.913959 4.687875 -1.530453
1.000000 15.023604 5.898655 4.594117 -1.597844
1.010000 15.069545 5.882676 4.502235 -1.663887
1.020000 15.114567 5.866037 4.412190 -1.728609
1.030000 15.158689 5.848751 4.323946 -1.792037
1.040000 15.201929 5.830831 4.237467 -1.854196
1.050000 15.244303 5.812289 4.152718 -1.915113
1.060000 15.285831 5.793138 4.069664 -1.974810
1.070000 15.326527 5.773390 3.988270 -2.033314
1.080000 15.366410 5.753056 3.908505 -2.090648
1.090000 15.405495 5.732150 3.830335 -2.146835
1.100000 15.443798 5.710682 3.753728 -2.201898
1.110000 15.481336 5.688663 3.678654 -2.255860
1.120000 15.518122 5.666104 3.605081 -2.308743
1.130000 15.554173 5.643017 3.532979 -2.360568
1.140000 15.589503 5.619411 3.462319 -2.411357
1.150000 15.624126 5.595297 3.393073 -2.461130
1.160000 15.658057 5.570686 3.325212 -2.509907
1.170000 15.691309 5.545587 3.258707 -2.557709
1.180000 15.723896 5.520010 3.193533 -2.604555
1.190000 15.755831 5.493964 3.129662 -2.650464
1.200000 15.787128 5.467460 3.067069 -2.695454
1.210000 15.817799 5.440505 3.005728 -2.739545
1.220000 15.847856 5.413110 2.945613 -2.782754
1.230000 15.877312 5.385282 2.886701 -2.825099
1.240000 15.906179 5.357031 2.828967 -2.866597
1.250000 15.934469 5.328365 2.772388 -2.907265
1.260000 15.962193 5.299293 2.716940 -2.947120
1.270000 15.989362 5.269821 2.662601 -2.986178
1.280000 16.015988 5.239960 2.609349 -3.024454
1.290000 16.042081 5.209715 2.557162 -3.061965
1.300000 16.067653 5.179095 2.506019 -3.098726
1.310000 16.092713 5.148108 2.455898 -3.134751
1.320000 16.117272 5.116761 2.406781 -3.170056
1.330000 16.141340 5.085060 2.358645 -3.204655
1.340000 16.164926 5.053013 2.311472 -3.238562
1.350000 16.188041 5.020628 2.265243 -3.271791
1.360000 16.210694 4.987910 2.219938 -3.304355
1.370000 16.232893 4.954866 2.175539 -3.336268
1.380000 16.254648 4.921504 2.132028 -3.367542
1.390000 16.275969 4.887828 2.089388 -3.398192
1.400000 16.296863 4.853846 2.047600 -3.428228
1.410000 16.317339 4.819564 2.006648 -3.457663
1.420000 16.337405 4.784987 1.966515 -3.486510
1.430000 16.357070 4.750122 1.927185 -3.514780
1.440000 16.376342 4.714975 1.888641 -3.542484
1.450000 16.395228 4.679550 1.850868 -3.569634
1.460000 16.413737 4.643853 1.813851 -3.596242
1.470000 16.431876 4.607891 1.777574 -3.622317
1.480000 16.449651 4.571668 1.742022 -3.647871
1.490000 16.467072 4.535189 1.707182 -3.672913
1.500000 16.484143 4.498460 1.673038 -3.697455
1.510000 16.500874 4.461485 1.639577 -3.721506
1.520000 16.517270 4.424270 1.606786 -3.745076
1.530000 16.533337 4.386820 1.574650 -3.768174
1.540000 16.549084 4.349138 1.543157 -3.790811
1.550000 16.564515 4.311230 1.512294 -3.812994
1.560000 16.579638 4.273100 1.482048 -3.834735
1.570000 16.594459 4.234752 1.452407 -3.856040
1.580000 16.608983 4.196192 1.423359 -3.876919
1.590000 16.623217 4.157423 1.394892 -3.897381
1.600000 16.637166 4.118449 1.366994 -3.917433
1.610000 16.650835 4.079275 1.339654 -3.937084
1.620000 16.664232 4.039904 1.312861 -3.956343
1.630000 16.677361 4.000340 1.286604 -3.975216
1.640000 16.690227 3.960588 1.260872 -3.993712
1.650000 16.702835 3.920651 1.235654 -4.011837
1.660000 16.715192 3.880533 1.210941 -4.029601
1.670000 16.727301 3.840237 1.186722 -4.047009
1.680000 16.739169 3.799767 1.162988 -4.064068
1.690000 16.750798 3.759126 1.139728 -4.080787
1.700000 16.762196 3.718318 1.116934 -4.097171
1.710000 16.773365 3.677346 1.094595 -4.113228
1.720000 16.784311 3.636214 1.072703 -4.128963
1.730000 16.795038 3.594925 1.051249 -4.144384
1.740000 16.805550 3.553481 1.030224 -4.159496
1.750000 16.815853 3.511886 1.009620 -4.174306
1.760000 16.825949 3.470143 0.989427 -4.188820
1.770000 16.835843 3.428254 0.969639 -4.203044
1.780000 16.845540 3.386224 0.950246 -4.216983
1.790000 16.855042 3.344054 0.931241 -4.230643
1.800000 16.864354 3.301748 0.912616 -4.244031
1.810000 16.873481 3.259307 0.894364 -4.257150
1.820000 16.882424 3.216736 0.876476 -4.270007
1.830000 16.891189 3.174036 0.858947 -4.282607
1.840000 16.899778 3.131210 0.841768 -4.294955
1.850000 16.908196 3.088260 0.824933 -4.307056
1.860000 16.916445 3.045190 0.808434 -4.318914
1.870000 16.924530 3.002001 0.792265 -4.330536
1.880000 16.932452 2.958695 0.776420 -4.341925
1.890000 16.940217 2.915276 0.760892 -4.353087
1.900000 16.947826 2.871745 0.745674 -4.364025
1.910000 16.955282 2.828105 0.730760 -4.374745
1.920000 16.962590 2.784357 0.716145 -4.385250
1.930000 16.969751 2.740505 0.701822 -4.395545
1.940000 16.976770 2.696549 0.687786 -4.405634
1.950000 16.983647 2.652493 0.674030 -4.415521
1.960000 16.990388 2.608338 0.660549 -4.425211
1.970000 16.996993 2.564086 0.647338 -4.434707
1.980000 17.003467 2.519739 0.634392 -4.444012
1.990000 17.009811 2.475299 0.621704 -4.453132
2.000000 17.016028 2.430767 0.609270 -4.462070
2.010000 17.022120 2.386147 0.597084 -4.470828
2.020000 17.028091 2.341438 0.585143 -4.479412
2.030000 17.033943 2.296644 0.573440 -4.487823
2.040000 17.039677 2.251766 0.561971 -4.496067
2.050000 17.045297 2.206805 0.550732 -4.504146
2.060000 17.050804 2.161764 0.539717 -4.512063
2.070000 17.056201 2.116643 0.528923 -4.519821
2.080000 17.061490 2.071445 0.518344 -4.527425
2.090000 17.066674 2.026171 0.507977 -4.534876
2.100000 17.071754 1.980822 0.497818 -4.542179
2.110000 17.076732 1.935400 0.487861 -4.549335
2.120000 17.081610 1.889907 0.478104 -4.556349
2.130000 17.086391 1.844343 0.468542 -4.563222
2.140000 17.091077 1.798711 0.459171 -4.569957
2.150000 17.095669 1.753012 0.449988 -4.576558
2.160000 17.100168 1.707246 0.440988 -4.583027
2.170000 17.104578 1.661416 0.432168 -4.589366
2.180000 17.108900 1.615522 0.423525 -4.595579
2.190000 17.113135 1.569566 0.415054 -4.601667
2.200000 17.117286 1.523550 0.406753 -4.607634
2.210000 17.121353 1.477473 0.398618 -4.613481
2.220000 17.125340 1.431338 0.390646 -4.619212
2.230000 17.129246 1.385146 0.382833 -4.624828
2.240000 17.133074 1.338898 0.375176 -4.630331
2.250000 17.136826 1.292595 0.367673 -4.635724
2.260000 17.140503 1.246237 0.360319 -4.641010
2.270000 17.144106 1.199827 0.353113 -4.646190
2.280000 17.147637 1.153365 0.346051 -4.651266
2.290000 17.151098 1.106853 0.339130 -4.656241
2.300000 17.154489 1.060290 0.332347 -4.661116
2.310000 17.157812 1.013679 0.325700 -4.665893
2.320000 17.161069 0.967020 0.319186 -4.670576
2.330000 17.164261 0.920315 0.312802 -4.675164
2.340000 17.167389 0.873563 0.306546 -4.679661
2.350000 17.170455 0.826766 0.300415 -4.684068
2.360000 17.173459 0.779926 0.294407 -4.688386
2.370000 17.176403 0.733042 0.288519 -4.692619
2.380000 17.179288 0.686116 0.282749 -4.696766
2.390000 17.182116 0.639148 0.277094 -4.700831
2.400000 17.184887 0.592140 0.271552 -4.704814
2.410000 17.187602 0.545091 0.266121 -4.708718
2.420000 17.190263 0.498004 0.260798 -4.712544
2.430000 17.192871 0.450879 0.255582 -4.716293
2.440000 17.195427 0.403716 0.250471 -4.719967
2.450000 17.197932 0.356516 0.245461 -4.723568
2.460000 17.200386 0.309281 0.240552 -4.727096
2.470000 17.202792 0.262010 0.235741 -4.730554
2.480000 17.205149 0.214704 0.231026 -4.733943
2.490000 17.207460 0.167365 0.226406 -4.737264
2.500000 17.209724 0.119992 0.221878 -4.740519
2.510000 17.211942 0.072587 0.217440 -4.743709
2.520000 17.214117 0.025150 0.213091 -4.746834
2.530000 17.216248 -0.022319 0.208829 -4.749898
